 0 0 0
 -1.526 0 0
 -2.0353892671907348 1.4384709154066642 0
 -1.3893883743517648 2.2076167711142021 -1.1488139532139974
 -1.879767661439335 3.6526003874510291 -1.1337639261830565
 -3.3994304266497797 3.6762527172640111 -1.2706640625137529
 -3.9148995787654144 5.0835789995931453 -0.98360955848560438
 -3.4210831908133996 5.5371943593598774 0.3871765227005608
 -3.8526624593690886 6.9802410780325133 0.63218979311886558
 -3.0999812121230725 7.5396213458017529 1.8360339093044271
 -3.3391010960483203 9.0436887202017147 1.9323615500789211
 -3.0721480518185134 9.6898196016307505 0.57592247800816465
 -2.9435009785569348 11.20063695549721 0.74784354651689211
 -1.8024074975430742 11.508122006349216 1.7132629429919206
 -1.6088881924623675 13.018799443538436 1.8085517635769601
 -2.8043931427720397 13.641373423044897 2.5239855856922939
 -4.0351438259401942 13.558994741037989 1.6255744834501604
 -4.4857379825852455 12.105553904973686 1.5108982345664712
 -4.8316703411668334 11.568632913564763 2.8967996207663109
 -6.174409121267848 12.139588075437324 3.3437210585424739
 -6.0012106130253811 13.605541742445883 3.7305777799869073
 -5.8060707492516661 14.445059497580427 2.4712897381234793
 -4.5356140766892601 13.998759366714374 1.7533537825323142
 -3.3911158215206769 13.899241535314122 2.7577919066342709
 -2.910036201020834 15.300780046410281 3.1223851054930596
 -1.8164114799450417 15.204301199237857 4.1822684960130605
 -0.53948645890776636 14.659765796868085 3.5485337832073478
 -0.85829485619634727 13.382120515228676 2.7773919414409729
 0.43933109278282578 12.652955335600421 2.4409977718220728
 1.0990191652019525 12.166972571902113 3.7283626775485281
 1.6074124264533061 13.365679607867483 4.524172789221736
 2.1550106025404689 12.890465108996077 5.8669249694874788
 3.3350577188100559 11.951769180366664 5.6323727216653934
 3.9757867388984787 11.594775740887084 6.9705423697239137
 5.2286823241083491 10.757970364215828 6.7282916439547451
 6.0664204776536694 10.714308477178511 8.0030325688939321
 6.6765717565882294 12.089408789972511 8.258943777261905
 7.8166997809584098 12.332086836013477 7.2741131044985696
 9.0261921656941766 11.4940829843798 7.6785308537545909
 10.112477692688362 11.620723988426699 6.6142837913029462
 11.312227089964091 10.763108606535928 7.0064231038958908
 10.917101030951699 9.2894910280712359 6.9747587717667443
 9.5749672964876495 9.1067634923581373 7.6775842739405036
 9.6157772788832521 9.7930435863379 9.0399462588564035
 8.3653002936434859 9.4250041440511936 9.8333757001471529
 7.1268559086116614 9.6770289750238909 8.9781476663711768
 7.1191769432076946 11.128838652831272 8.5081841646871155
 7.2475833887794847 12.055262319067333 9.7139731078166101
 5.981209239983091 11.96753730222599 10.560895085734522
 4.7665717810949548 12.292480820091487 9.696173423196246
 3.5573733166565615 12.547271062357266 10.591492922618642
 3.35938527911784 11.360437454058554 11.530057104336768
 1.9875933675681785 11.457374550704579 12.191469343942867
 1.8386461421418303 10.341236109449669 13.221384730754252
 0.4868260717748174 10.467945449013584 13.917950047591226
 0.48272098607452674 11.713675257869456 14.799321928013615
 0.5027677433144313 12.960284063212761 13.919412492921179
 -0.75542076044537576 12.995068657600841 13.056610243851377
 -1.9549536483428485 13.374546031466322 13.920203767203944
 -3.1894624969289218 13.530848649426659 13.036895556905057
 -2.8739554493926107 14.479190761143483 11.88373531561186
 -2.6172568891395462 15.880011692850097 12.431898216998492
 -3.7116337393372656 16.244508986313338 13.430976308445443
 -3.4969336149682819 17.672946712367196 13.923059146372163
 -3.5503619625925626 18.633284001263018 12.738333987009725
 -4.9986992517236617 18.811476340665912 12.291968008142053
 -5.5110754987711221 17.505427741949905 11.69164839389186
 -4.7495445460519798 17.203250339247905 10.404234153894905
 -5.3912644088006516 16.010784240765481 9.7007455457967176
 -6.8509456099905135 16.328335086444188 9.3890273215915041
 -7.6419139181457645 16.418373464562087 10.690925253827325
 -7.5381251402270957 15.094417121937104 11.442619002904177
 -8.2184547667943626 13.994275489496882 10.632979584529185
 -9.699602397328615 14.3234704806362 10.47016572034206
 -10.326606887779265 14.543137271973062 11.843951682469521
 -9.6067360806574822 15.684976755444509 12.555755458126466
 -8.0989676820534591 15.462246773811914 12.480245118086241
 -7.7587029947635919 14.08503266927163 13.04254152821067
 -8.0515947579943621 14.059619774763162 14.539954163333086
 -7.4238822229543899 15.282546665117962 15.202602481976403
 -7.4764633008781267 15.123303397491448 16.719359816542482
 -8.9187716337711063 15.266202642255985 17.196855867534726
 -9.799106715884573 14.254779635195993 16.46835765615052
 -9.9334672712530132 14.658683266982118 15.002927651888614
 -8.6376466355116701 14.335550211929004 14.264612063052153
 -8.8580883653419118 14.480207115624818 12.761563220212182
 -7.639864881608462 13.945300123199221 12.014246651993247
 -6.3761395346836265 14.598360055153973 12.566683954150648
 -6.0942775112358003 14.059329694764152 13.96621104224716
 -4.7314213846379651 14.557183900537513 14.438905835944436
 -4.4819569477130718 14.079965516201824 15.866738497134733
 -3.1902544882029309 14.699435411980364 16.392512026631575
 -2.8884456547730308 14.145570692703549 17.782051986763733
 -2.9015411413232508 12.620311471019583 17.736348432197122
 -2.7483195021661166 12.066993343340199 19.150221898556598
 -1.3393558581858986 12.355661717663171 19.660288580087265
 -1.0851445782511173 11.555773148851866 20.934741757979221
 -1.4384362294602704 10.090625761153992 20.695567885016498
 -2.9166477434758544 9.9754474514290354 20.334596034589566
 -3.7437593136918923 10.821525342808954 21.298294458440541


