 0 0 0
 -1.526 0 0
 -2.0353892671907348 1.4384709154066642 0
 -1.3706131062658453 2.2142654422476689 -1.1335305500909567
 0.11090957838088711 2.4037824682318227 -0.82072097264924748
 0.84671832743533915 1.0817915753530216 -1.0197223896302163
 0.15186553240161427 -0.013883305165090842 -0.21638426067364758
 0.47968785473098741 0.15449751421052632 1.2644453799835658
 -0.11493968195381055 1.4650276195931211 1.7719933437289184
 0.17406396524525924 2.5778797685982804 0.76864246474378772
 -0.34210910277199336 2.1692144076163355 -0.60803251018208537
 -1.7503320056028946 1.5966675194800652 -0.47471215604220712
 -2.7350233307358076 2.7271883589865071 -0.1901394489010686
 -2.5954750983246622 3.8057713300418445 -1.2605884506663863
 -1.1430041235789694 4.2683791897481571 -1.3312852374338258
 -1.0494962390666673 5.5231587537821243 -2.1946857940799056
 -1.7544751873971671 5.279186981868075 -3.525910214273563
 -3.2273326036894798 4.9701424350087828 -3.2732078214687723
 -3.9733791004838657 4.9226071371996092 -4.6035577829762762
 -5.4551683965888618 4.6628644810651094 -4.3476081111014073
 -5.6228885603835383 3.3178886509212444 -3.6464761955637495
 -7.1085122432046122 3.0005404523923942 -3.5019480186166865
 -7.2831552387249516 1.7751135063780907 -2.6094769411594183
 -6.4575229123532276 1.9491435116329601 -1.337973571552793
 -6.6321659078735671 0.72371656561865683 -0.44550249409552467
 -5.9376617231396809 -0.47525315184703443 -1.0848862239380637
 -6.431276531795044 -0.64480532666929469 -2.5188571025437514
 -5.6652290513148982 -1.7810406600043529 -3.1902858217172652
 -5.751694153901628 -3.0348932829506152 -2.3248071183597303
 -5.3223079968222473 -4.2492759115797005 -3.1430847970193097
 -6.2114710093330112 -4.3722219484901856 -4.3771631613020583
 -5.7820848522536306 -5.5866045771192709 -5.1954408399616376
 -6.6218854708811863 -5.6668109711550754 -6.4670452813303143
 -8.0714277365936802 -5.9734319429349121 -6.1016868277838334
 -8.9205987071846771 -6.0044798400697044 -7.3692122479585329
 -8.3065926416989413 -6.9792611266368461 -8.3699489740284978
 -9.195628333268191 -7.0665487981222626 -9.6071524340635204
 -8.5445050108582929 -7.9834680288590878 -10.638643366315899
 -9.3418877105151452 -7.9348159542153178 -11.938831739560637
 -10.771758406238696 -8.3992186899433765 -11.677152751945393
 -11.540356779582494 -7.2981057322855278 -10.952250831013155
 -12.870548291604994 -7.8516790291170144 -10.449435610103514
 -12.621626663404548 -9.1265120203978896 -9.6484893776035499
 -11.640873330027894 -8.8336604400824807 -8.5166603927399596
 -11.33431401848714 -10.123890550073897 -7.7616745307669079
 -10.739935771384269 -11.148250790739837 -8.7240032670694951
 -9.302043222657792 -10.760294781673064 -9.0566158846080533
 -8.4080314447104065 -11.036688473998003 -7.8512008242515243
 -8.5801772478103988 -12.487758049799433 -7.4113839206899277
 -7.5469879744598032 -12.820961197034118 -6.338923390830594
 -7.7823129532074864 -14.239555488154068 -5.8281510427348113
 -6.9197701789939519 -14.486120520944045 -4.5936869293409508
 -7.0795264732313088 -15.934878023224774 -4.1417404435300309
 -6.2958739216019417 -16.155185872143569 -2.8509929352893417
 -4.8068299048081471 -15.955923579894391 -3.1187959504669149
 -4.5934938859765699 -14.634866892474317 -3.8522623584855715
 -3.1022912006199679 -14.423730436797676 -4.0980507802420885
 -2.8566287268354387 -12.981223927296861 -4.5310645433280117
 -3.7424290797881739 -12.651094702655941 -5.7289996124143077
 -5.1993400178493712 -12.579158332239048 -5.2807678897876276
 -5.7304872270675933 -13.990423012225492 -5.046480363097781
 -5.8700449432111448 -14.710824423239156 -6.3844719366416172
 -7.0640527028906179 -14.143144600208407 -7.1465487623940964
 -6.7013716198759701 -12.774240606818012 -7.7150910113986386
 -7.9705330318698309 -12.058413386252679 -8.1684084505110679
 -7.6650674582772638 -10.582616289781177 -8.4079699528357086
 -8.9718912766297763 -9.7993409918795127 -8.4938030203773547
 -8.6909404468946967 -8.3963061320652432 -9.0241197308599812
 -7.980518098080629 -7.5783329524120502 -7.9494588710192868
 -6.5546272836300297 -8.0936880463017609 -7.7764834031999301
 -5.9440631067450598 -7.4893828151179065 -6.5152528241745884
 -4.5269875447777377 -8.0239883367448446 -6.3287862375672885
 -3.6218075343073237 -7.4591966666136589 -7.4198112226135517
 -3.5069763608239009 -5.9465862640567817 -7.2539812745549099
 -2.6702983719919433 -5.6317919707979485 -6.0172313014658565
 -3.1824952441414669 -6.4485163612930076 -4.8343147219342697
 -3.3544793155357131 -7.9046771980074135 -5.2570357845817925
 -4.261002384840376 -7.9756690225260725 -6.4825365335289131
 -3.5370330175504732 -7.3805219711281556 -7.6868389633355685
 -2.9028300539949381 -6.0495160591488979 -7.2932835500915978
 -1.9795040482076849 -6.259299676573943 -6.0965647356255559
 -2.7751153730934006 -6.851923103699967 -4.9370492793529834
 -3.5123384484809543 -8.1011483089409477 -5.4109844265057747
 -4.4831905094531184 -7.7269525091498341 -6.5272728207501913
 -3.6988390107034395 -7.3794822499210957 -7.7893081393370505
 -2.9661755890432664 -8.6203124893298213 -8.29152385746033
 -3.9830998735735217 -9.6620339017958354 -8.7490798631497206
 -4.6260752887595107 -9.2065601234208341 -10.055908946342772
 -5.2013426999645898 -7.8042666856022649 -9.8789442044974685
 -5.5276232849706437 -7.2111978439255591 -11.246601445505005
 -4.2768153708741377 -7.2278757909019564 -12.120602251064239
 -3.7373490022584122 -8.6524891692133412 -12.210761884319774
 -3.480394313659402 -9.1897459970136595 -10.805768863344612
 -2.6929329704214351 -10.493810820364164 -10.895186811239109
 -1.2631411550203739 -10.196170176218057 -11.337658744320086
 -0.6065627829762622 -9.2500993504523894 -10.336394126949154
 -0.6306710846659157 -9.8817057932215668 -8.9474491707892287
 0.11326415932575262 -8.9812436537989999 -7.9654082916942812
 1.55960671299438 -8.8144089580489915 -8.4225028133649129
 1.5838439708270966 -8.3219686587411221 -9.8666603902762109
 0.79989878772753675 -7.0170653271645689 -9.9731181055222002
 1.4640153847070674 -5.9516189508541331 -9.1056798282809446
 2.8600357891977515 -5.6532057577369397 -9.6448946244607736
 2.7769539595727712 -5.3623357518912593 -11.140611191623645
 1.9133032636202678 -4.1256823213944536 -11.371850825383136
 2.4036016233667037 -2.9880647055923513 -10.480722507660778
 2.66114798423119 -3.5183332577392901 -9.0731852489676257
 3.4893945449701871 -2.5036320875260012 -8.2902004663621209
 4.0191689540496478 -3.1537536596550702 -7.0153055620908233
 5.0472786304546604 -4.2217176773635217 -7.3774096219443273
 4.4597668877443866 -5.1586367418673342 -8.428926915547633
 3.9370562073965618 -4.3397663879934489 -9.6057450358180319
 3.5326504023888279 -5.2778354960726226 -10.739393258744162
 3.3194550359049626 -4.4707815293824922 -12.016846831505035
 4.606953600823374 -3.7339142750408136 -12.374687710684555
 5.7695350502340546 -4.7220916286283634 -12.398892903161679
 7.0869538634087492 -3.9567014096768829 -12.48410724131416
 7.1241521671608341 -2.8843292282212154 -11.399067983665864
 6.88290248723077 -3.5290799012599896 -10.037168148307304
 7.1400833401447583 -2.5045877665029561 -8.9358281123895154
 6.3209475924551963 -1.2464143028973551 -9.2091267811307524
 6.5397114909222109 -0.24131498299711107 -8.081920627020704
 7.9681531827111591 0.29184382315290014 -8.144944595348667
 8.9393589271568157 -0.87257406336979648 -8.3168933886034004
 10.357565408439525 -0.33323110990082327 -8.4796064949933374
 10.815959259151851 0.29829656318869535 -7.1682240657411969
 12.20465047684535 0.90353170634717239 -7.3523520738954904
 12.518935974279449 1.8243881477099633 -6.1767994206709567
 11.542152501058899 2.9968019463126243 -6.1728080187538792
 11.989464113744631 4.0289793391614053 -5.1416930150572187
 11.994213179766472 3.393888352762922 -3.7541365710278938
 12.694298259732831 4.3262112788039939 -2.7695905627648503
 14.164418773768181 4.4632011396705096 -3.1551491863646737
 14.836988262752984 3.0948228208020074 -3.0929635052369542
 14.372026270056203 2.2446521627336606 -4.2718172694957168
 12.894489734518576 1.9029848790585788 -4.1020372547191286
 12.674730443688707 1.2563389718998681 -2.737401433392125
 11.295415447829825 0.60467316683458727 -2.6986997447027594
 10.221136902260518 1.6878401851115061 -2.6619462816473183
 8.8409616230437251 1.0378757022046188 -2.6985300157159653
 8.5796605224046107 0.47525913660901753 -4.0927539342176456
 8.6116864394832096 1.6089224142296485 -5.113762217048742
 10.054841356231465 2.0505488404200585 -5.3394743920761414
 10.127142008640813 2.9427923528677562 -6.5753344691706967
 11.463532901597915 3.6792504536335437 -6.5944354387205939
 11.588265283234701 4.474784265886889 -7.8906776176874942
 12.945352194154356 5.1713927463744742 -7.9322437231498091
 14.0439502953635 4.1671278431893466 -7.5957764643411512
 13.642914735658405 3.3689083932627129 -6.3585650072284938
 13.590793783568889 4.2970216212088959 -5.1483727735463471
 12.843247773017328 5.5749164867863481 -5.5182858371696994
 12.638730627316537 6.425502467577533 -4.2679449930812225
 12.117164013288662 5.5473345577940849 -3.134161332342523
 10.731039893502329 5.0204328913678102 -3.4943148530302413
 10.816295265002656 4.1972036676367219 -4.7763839489940407
 9.4140851336761493 3.9855082630087328 -5.3400042141235593
 8.8851975468976789 5.3035110478289456 -5.8984149766969445
 9.0869040083831862 6.4108170448513917 -4.8679471546117012
 8.3218328442357539 7.6573329452336161 -5.3033093301441712
 8.5235393057212612 8.7646389422560613 -4.2728415080589279
 10.015115875931683 9.0416992488633454 -4.108181489529926
 10.745262844347037 7.7364275076512481 -3.8051516459385932
 10.576096362467212 6.7741332942041339 -4.9773498152660256
 9.1061599857686932 6.7195335695754599 -5.3835294781356486
 8.8805697162636932 5.5375651306435838 -6.3220046454542009
 9.0915035412230534 4.2333265085459146 -5.5583656351117714
 10.500588692469295 4.2078777905810387 -4.9731243179687672
 10.746549055869567 5.4890275213595441 -4.1813952816424811
 12.223087072877476 5.5810314842875277 -3.8071670690022907
 12.670570251960573 4.267341902181454 -3.1726164513967023
 11.704632245543728 3.8868263111808838 -2.0542034450502458
 12.26850068306311 2.7018850943324839 -1.2753307354350851
 12.333430264365877 1.4786263643532529 -2.185329762358426
 13.098832760331492 0.36103207385047509 -1.4826078963223843
 13.466929915524757 -0.71931772752868839 -2.4955367146500143
 12.238860171681889 -1.0769675648498414 -3.3277670302008477
 11.937861568980074 0.056131048106889736 -4.3045798958445509
 12.99127338537112 0.070259751751158672 -5.408572615395288
 13.070646685412601 -1.3099637457521713 -6.054605877836301
 13.181538550791613 -2.3754604974266602 -4.9678236244093084
 11.921584256013853 -2.3581891347694612 -4.1070722810452569
 10.689606072580411 -2.3489245676824573 -5.00752767879725
 9.4423032669108924 -2.6063685069721525 -4.1669122321797554
 9.1240161429833364 -1.3672998085698866 -3.3349999366932543
 7.8093346170337483 -1.5782074082426565 -2.589475644850856
 6.7007083674255172 -1.8911272146707436 -3.5903277984802364
 5.4589463299895939 -2.3679505026999217 -2.8424356977223759
 5.8618923841391135 -3.3970077496158009 -1.7901279195437585
 4.6460175793994782 -3.7629501792985809 -0.94371750056417569
 3.5506346964247646 -4.3282814966267678 -1.8432800838978505
 2.5007200216358294 -5.0309419006198528 -0.98734578015538876
 1.5289097842877855 -5.7851338664103977 -1.8903714394378399
 0.43608827946418427 -6.4261323731129405 -1.0397610274393942
 -0.48722025296330784 -5.3405814143368868 -0.49409036683268659
 0.25692078491797332 -4.5186287966423961 0.55439616622633037
 0.37203383771410403 -5.3240004672454946 1.8454428180812903
 1.3028347075489863 -4.6015907111499139 2.8151901485816233
 1.4572584452069031 -5.431254839545506 4.0866014680614029
 2.3718895327972995 -6.6211519850928156 3.8104298608467015
 2.6063100939626862 -7.3946559529544409 5.1048079401593878
 2.930283636448876 -6.4170610196278082 6.2308742304385252
 4.2413807313450125 -5.7001101522733579 5.9215493824961314
 4.0609285458637565 -4.8172347117528105 4.6900283858092457
 5.4251477422015002 -4.3371049040942387 4.2031430274944617
 5.965269962811254 -3.2801911399801087 5.1622453588594004
 6.0600721145970997 -3.8681381674543829 6.5672388979551899
 6.879055804561883 -5.155110081583703 6.526680202044739
 6.890547095297328 -5.7954464002863375 7.9117842953126649
 7.7300906096545843 -7.0692759883294274 7.8771307510983473
 9.1456129416505227 -6.734033145939212 7.4160615976659372
 9.8942424739897845 -6.0272305057436641 8.5424096127669866
 8.9939432810588382 -4.9627854945701335 9.1629691839570899
 9.6401143881570324 -4.4295792786215635 10.438441657836975
 10.985352572199192 -3.793383483238586 10.100410389857304
 11.77524539934136 -4.7268368502746672 9.1874973966326863
 11.102960382498388 -4.7901168993337429 7.8190294607571333
 11.933291839287941 -5.6641988902860998 6.8835048245457298
 11.177284618659998 -5.8701561165878298 5.5740351978294473
 9.9545626716416535 -6.7481799355603904 5.82443730164744
 10.377116461135586 -8.0079136531043051 6.5749006624234863
 9.2141994665731488 -8.9954444351335869 6.6078099058434017
 9.4904630780631365 -10.073107769348031 7.6523175195333568
 10.907581186830276 -10.608720302723123 7.4690923032127454
 11.245759597810338 -11.557430171231879 8.6155045099434098
 10.306518212184233 -12.759482811446897 8.5758677885953514
 8.87680047213005 -12.297834067610852 8.8431945943760919
 8.8272108425471583 -11.531075721064473 10.161640083063155
 7.3824823232829253 -11.155489360856272 10.478452948411304
 6.7641136553853007 -10.449487909055998 9.2751831779032976
 7.4320678221859247 -9.0909675953560072 9.0829963200848471
 8.8946089961051449 -9.292493262849753 8.6969435776620525
 9.6629499564685926 -9.856518760816714 9.8886664507625337
 9.0565276244748674 -11.195649083504717 10.298126991128491
 9.1433290269980603 -12.172830124034595 9.1292562837579432
 8.1264186936469454 -11.780932786323266 8.061086891471092
 8.0540111564113772 -12.875827782718114 7.0005973368686067
 7.0928254457977822 -12.450635223650858 5.8942477910983548
 5.7371840982779592 -12.103458124953521 6.5028368141958071
 5.1628105463846587 -13.332402817553659 7.201740216258921
 3.9088371137765199 -12.938067081615989 7.9768053475062439
 4.2974212177019391 -12.055029352717629 9.1591431856550827
 3.0411633397133357 -11.640308014232872 9.9197339793128521
 2.0610896030361388 -10.972988720997366 8.9591006301357439
 1.4378408228069373 -12.029775532677176 8.0516654574636686
 2.4555021492964157 -12.462585986458306 7.0001348893557234
 3.8090452882196661 -12.693544576891991 7.6659089505646625
 3.7128262177326516 -13.883624095596108 8.6162397506735289
 5.1125376204819597 -14.286486993393281 9.0714160622188409
 5.74282706598476 -13.139484776940767 9.8561434864501862
 4.8962047760475302 -12.840780090923955 11.090113586871185
 5.6470108132687651 -11.873792508505481 12.001102779957792
 5.9671922258894465 -10.594756308788307 11.232840934734929
 6.9351693938785459 -10.911844504906856 10.096552556666202
 6.4603975035423389 -12.158764035740834 9.3559721520028578
 6.6675693980514552 -13.385709166260623 10.2393528472975
 5.9308074990314337 -14.578092104323204 9.6359617360192331
 6.5099639404749974 -14.891213392431599 8.2592958814024566
 6.5488593785601967 -13.616614226653653 7.421107291946428
 7.232813646473887 -12.50638194739917 8.2137401486360861
 6.4543573711058908 -12.244934903562154 9.4999466913845829
 6.4366068136960513 -13.511450131752277 10.351004911763262
 7.8567021813159883 -14.05291222723103 10.488205298147996
 8.3772571466017709 -14.470959591023513 9.1160045366912623
 9.8453476953386225 -14.871848086365901 9.2285858629030795
 10.426744110197422 -15.073874914463172 7.8322193746492763
 9.4612129282373783 -15.906877257660671 6.9940471770130896
 9.9565030522677453 -15.96288057171126 5.5517478593077456
 9.7517663287432121 -14.603303467433742 4.8896987889475776
 8.2595511334786984 -14.293023862944381 4.8142244352929904
 8.0559455018751045 -12.922516235784839 4.1747484070661383
 6.5689288826239052 -12.696430048031781 3.917177815231617
 5.7729928542681845 -13.073573244465749 5.1633418686968326
 5.9800693391087911 -12.012631716369016 6.2404669326452087
 5.3231275637805497 -10.706843923670698 5.8022640752051906
 5.5302040486211554 -9.645902395573966 6.8793891391535666
 7.0012045719314493 -9.611001520775643 7.2838831309001852
 7.4982346098694039 -11.034190112107396 7.5208881411647335
 7.1843326177678097 -11.893409372189163 6.2994611877781814
 7.5450448191267121 -13.346861128665347 6.5927881374215334
 6.9020960235140336 -14.252444104603187 5.54626421513799
 7.2422865994838546 -15.70788092345853 5.8539166787093491
 8.7394804202792962 -15.835801510290501 6.1198546158986007
 9.5006443685717841 -15.747153763666896 4.800215642225
 10.993759424819263 -15.924793146275736 5.0604610620759471
 11.713612545051545 -16.18431358824504 3.7401820667526589
 11.04184631786474 -17.34591545826266 3.0134859599908745
 11.900413417925428 -17.7678359799318 1.8245698115229576
 13.220026824899776 -18.345134006928266 2.3285771965477258
 14.006757665085482 -17.258422869892801 3.0557563283603315
 14.096907423693933 -16.017320526717736 2.1724590993438673
 15.046127243259876 -15.006509372256938 2.8095764701326278
 15.311655999701925 -13.868371958142165 1.8283457602104216
 14.016868011844998 -13.101436545322997 1.5753435091033108
 13.698146252604996 -12.227026247063861 2.7846817870409981
 13.583132042793352 -13.10188034063254 4.0297030906769997
 12.293496236695411 -13.914986007265535 3.9635618590632253
 11.096682783592978 -12.969239845198739 3.9202287838328473
 9.8398216130203142 -13.754507367931797 3.5564556187321799
 8.6117953750104128 -12.870455856489379 3.7541434632638682
 8.6459421935400798 -11.719749811884558 2.7524520967770689
 8.6955899510947408 -12.280420176948066 1.334051644891457
 7.4708459870388086 -13.157354506717763 1.089788664110714
 7.5129810595594506 -14.36293990457939 2.02438188264296
 8.712239590212695 -15.2385394087369 1.6725573738683381
 8.5260116104704942 -15.819312060337156 0.27373706134985509
 8.6608126186162711 -14.706651582538374 -0.76187452092770247
 9.9376775228873502 -13.91465637065969 -0.49534947407093272
 9.8545644317349694 -13.262634517282834 0.88183450666586971
 8.8896188597535932 -12.08163770891726 0.82889509087932189
 9.377402971867502 -11.071257860362003 -0.20545263672617675
 9.7964304414160015 -11.80504288374016 -1.4761420241177849
 8.5531667246846741 -12.256898156946926 -2.2369298675633815
 8.9602945266152467 -12.788876064275284 -3.6080325110622855
 7.7108611204620008 -13.054348118696803 -4.4429676893303167
 6.7342754877938322 -13.909492933998955 -3.6406685886652848
 5.4354127443893594 -14.071219171669837 -4.425191499640218
 5.751313306083583 -14.541895828790551 -5.8419999974841943
 6.6178972837313745 -13.500007348075455 -6.5435529915176298
 5.8403749149064135 -12.193160040960738 -6.6711660075614043
 5.3133499366077164 -11.778066302985097 -5.3005391944052382
 4.5570104309252946 -10.458439740560399 -5.4238772983601828
 5.4045142460682785 -9.4564254222164017 -6.2025817282638895
 6.6259936271941147 -9.0696278740598562 -5.3736958626439693
 6.1893151764903065 -8.2000856255810533 -4.1981601512335036
 5.5331843591719885 -6.9262003832874326 -4.7229312823294078
 6.5064968076600378 -6.1931165208776262 -5.6415862383887951
 6.8760941155065964 -7.0949363258819398 -6.8158072011272903
 7.8102554808369735 -6.344109836434038 -7.7604119471810993
 8.2589537535061872 -7.2773052176749946 -8.8813455939836956
 9.427021490237335 -6.6455868897418551 -9.6331605423327478
 9.0714767998903056 -5.2113893557672117 -10.014397223027357
 10.266501283513859 -4.5554407384895876 -10.700198867113887
 9.8221657897308425 -3.2554927622654191 -11.364561138826575
 9.3300637693543678 -2.2808679923945654 -10.298438181801668
 10.467015011515779 -1.9691436730810421 -9.3294976151536932
 9.9008109883499831 -1.3106387622942623 -8.0747226207341676
 8.6598065717466053 -2.0710866089038524 -7.6161344497597065
 8.2534645176402819 -1.5915851114247919 -6.225580441826196
 7.1227099927884963 -2.4681063278710185 -5.6947501849202879
 6.5162562601018506 -1.8206348363554976 -4.453109923900592
 6.1002745738105864 -0.38859667410069343 -4.7769956113214995
 5.162583478932369 -0.39045743734306226 -5.9809092079496793
 5.8958077830495661 -0.94962805415162443 -7.1967983234325601
 7.2033101336104801 -0.18882296200631477 -7.3975200587862666
 7.9345007368151705 -0.071691009462030414 -6.0632350789269118
 6.9555410072050821 0.38165678943063086 -4.9839808822517835
 7.5794502192942819 0.16762144457338593 -3.6078987022123692
 6.6655495133449119 0.75649427553073323 -2.5370624455300144
 7.1995150477886787 0.39172878674733558 -1.1548530018425738
 8.422878134782751 1.2475530841427136 -0.8392210494549992
 9.355888440733672 1.2674242217873692 -2.0466037174099565
 9.8210571624034735 -0.15299724997439301 -2.3543323363880866
 8.6103817462561718 -1.07784516362465 -2.4414952491048743
 9.073201446694787 -2.5304514997834135 -2.3750967774562159
 10.280137465505508 -2.722800561114628 -3.2888709755501884
 9.8733328797040993 -2.4504116031811187 -4.7342049454570727
 9.3652024586439442 -1.0169039048826274 -4.8588450437888016
 8.0461988045488386 -0.87659160434469152 -4.1043797902472861
 8.2953573702264389 -1.0411485974862598 -2.6078782014884769
 9.4475602614937522 -0.13632903336671942 -2.1807879841552813
 10.748334647059313 -0.64250295612437713 -2.7975942404275527
 11.043297344899166 -2.0482245715370522 -2.2822111335598878
 12.180946811351991 -2.6602943542110769 -3.0944920410155099
 12.475909509191844 -4.0660159696237521 -2.579108934147845
 13.613558975644668 -4.6780857522977763 -3.3913898416034676
 14.769671541911613 -3.685732021255506 -3.4769106379403456
 14.328072830490262 -2.4558601050265034 -4.2649979730385272
 15.528526249487474 -1.5436228226901729 -4.5003928105636586
 16.624007568738772 -2.3201730088028012 -5.2253524560749307
 16.164088346724633 -2.6461309974750664 -6.6434151129567027
 17.100062313243473 -3.6837167406957168 -7.2566398347872845
 16.625719231883007 -4.028082960124161 -8.6655708295780052
 16.794245856292882 -2.8115984203504549 -9.5713523381972294
 18.271771892573881 -2.4392007461242962 -9.654495493914661
 18.413805954664078 -1.0554900097405562 -10.282067739335439
 17.876116482045244 -0.0014723934628284585 -9.3184221117258641
 18.472298701633175 -0.22740870619945144 -7.9319894434602416
 17.934609229014342 0.82660891007827608 -6.968343815850667
 18.65910172271068 0.7103953165301109 -5.6303299791313925
 18.724863648462552 -0.75576404212708215 -5.2123250698979202
 19.125187432666486 -0.84900222661309299 -3.7427252914703573
 19.118482187023673 -2.3107703989528701 -3.3047014907297507
 19.566756206144301 -2.4084846620577354 -1.8493052125404525
 19.775679088665914 -3.8737868811527401 -1.4779339214124707
 18.436493384946598 -4.6044855402353289 -1.5145005806617498
 18.574417583292952 -5.9558741854854702 -0.81922966583828993
 17.187885451869047 -6.5199814511157639 -0.5226025575151535
 17.311502959876975 -7.9828714307048854 -0.10625220104647232
 15.919034566378045 -8.581755447382049 0.069945720834243941
 16.038937830691786 -9.987191547780931 0.65222449848498276
 16.601096300045793 -9.9055270026903166 2.068552411578787
 18.044637149163972 -9.4134804136093653 2.0160550678277316
 18.913610063119968 -10.457272971465091 1.3203114577415338
 18.680024628165814 -11.822869100978521 1.960046602653212
 19.139834468190497 -11.789269713140797 3.4147362575808025
 18.347284323146152 -10.729872516530865 4.1751426274943855
 16.85528167462267 -11.027721588763063 4.0572866689293452
 16.055298273952889 -9.8170122652308933 4.529394169997734
 14.56986413464908 -10.165723212357621 4.5531026736341449
 13.806175373103278 -9.0896097109054903 5.3195458923274952
 12.332468843467698 -9.4757757295689178 5.4075281095025325
 11.564353687813107 -8.3876963061610788 6.1523490786019099
 11.445198363369062 -7.1509447331084495 5.2663899626104183
 10.766049810241269 -7.5286525184652362 3.9530849440921605
 11.4846696787073 -8.7236799288537359 3.3332696707518155
 11.340935813193823 -9.9356805294624859 4.2492779240053151
 9.8609096467779587 -10.237686419157459 4.4660519752980168
 9.2441988248397102 -9.1560261343954785 5.3482961537842382
 9.7442649199604467 -9.32052737141629 6.780619177242726
 9.3538193591998748 -8.0941342196296073 7.6004899605574137
 9.6057975026325551 -8.3692833596220311 9.0801777539765496
 8.9921987818796367 -9.7138756165096503 9.4599727942393059
 9.628780619626486 -10.819128270923587 8.6222042499732066
 11.108719024653942 -10.937452961457565 8.9749897158512244
 11.788695782887689 -9.5854037396418885 8.7793612157560244
 13.292857342058818 -9.7368711360846891 8.9872833928479778
 13.79417418050715 -10.95279500806441 8.2134057765300241
 15.289058720722853 -11.133422662808512 8.4611351889252298
 15.56201511689313 -11.118856018758519 9.9624541485972902
 14.787844081201637 -9.97421850032244 10.60986449674196
 15.142038316788403 -8.6625621649577589 9.9150407051409903
 14.425490384926526 -7.508309371877008 10.609976350369884
 14.745951292135258 -7.5340546929644248 12.101726324525407
 14.009631808818622 -6.3947507658145399 12.800651342012344
 12.52194341301751 -6.724428021509989 12.882944379845268
 12.044635144899031 -7.2641728202627052 11.537757266687745
 13.011751743905542 -8.3380035595979987 11.047605221721449
 13.008885756797778 -9.510357279473908 12.024464751854088
 14.030359365857217 -10.550900003242743 11.574421969435839
 13.504232716067921 -11.281539599629365 10.342337342239546
 12.348251707288807 -12.192578122864955 10.745317138907666
 11.108492906435824 -11.34838919550384 11.026420626307608
 10.509295926052413 -10.868412992484528 9.7076098653435849
 9.9403498491791709 -12.060169249412244 8.9429574046242521
 11.011373253660341 -13.139154294217974 8.8111388166365128
 11.488634472368147 -13.555456593595002 10.199515611548787
 12.505149399985328 -14.686308868529721 10.070882279140948
 13.05629253546163 -15.035196705577647 11.450445442384048
 13.691018303775456 -13.795383751725597 12.073873897380304
 14.595486733301609 -13.11632360679206 11.049427617894024
 15.446780210866409 -14.168632662224617 10.344714153491498
 16.579592412682711 -13.482967770897501 9.5862445283795807
 17.340524129764692 -14.517803592298499 8.7623672652608953
 17.598575584110044 -15.757369160259424 9.6141669187216703
 16.279343402924976 -16.262433197951246 10.191412767521003
 16.53044413705582 -17.530452462406501 11.002431612116643
 17.60984769907364 -17.261581482478185 12.047071428730757
 18.834022976524292 -16.652505742628801 11.369503990607079
 19.35691778503908 -17.612098109327881 10.304403286917012
 19.904865062695162 -18.868356070425808 10.975406801130841
 20.197064754282092 -19.926078597045738 9.9149736835240798
 18.989244835563429 -20.070954581045434 8.9936387861026823
 18.59718937540972 -18.700656426742015 8.4484310417737483
 19.69632253470138 -18.187242309032445 7.5226944475516255
 19.985201516804363 -19.230680197898202 6.4473050735207771
 20.89635570510135 -18.626285824982013 5.3827950983979314
 22.226425329133324 -18.228966530764453 6.0166153991692397
 22.005672329649947 -17.061905476062986 6.9746929575214516
 21.231420094200249 -15.956983770389195 6.2617010219204916
 20.794945221635562 -14.904371058515055 7.2766749942077373
 19.659902367578898 -15.460811312616901 8.1315012707516381
 18.36887853880453 -15.474019592453475 7.3180155518355283
 18.454619571449669 -16.554610151746772 6.243935238969172
 18.849091039679415 -17.881337637698234 6.8864789641533157
 19.128565437193505 -18.912056035341362 5.7964378429592287
 17.993525736103585 -18.895435718787091 4.7765924419168586
 18.112926696777663 -20.110911425429144 3.8616945147397086
 18.203149897230332 -21.378026434670073 4.7072448251626753
 19.183542365334496 -21.155582147545211 5.8552975885886731
 19.144334977749708 -22.354767723413683 6.7982147299047675
 20.244021178173835 -22.214386705326753 7.8468612052993851
 21.607787234194305 -22.355749509413567 7.1769099368723319
 21.649478432889619 -21.492372923970073 5.9193254603224581
 22.893890233347424 -21.836798648681043 5.1060074468501
 22.70705247015993 -23.19727784169466 4.4405271574169349
 22.43973789388841 -24.254221481796691 5.5082766874850062
 21.162110697939426 -23.902212793037119 6.2648707868601203
 19.970200933157908 -23.97845430143261 5.3150211434870318
 18.689543520046314 -23.650695677934841 6.0773641600911734
 17.49485441575149 -23.751212771635899 5.1332824592023911
 16.201103173648477 -23.670162696844873 5.9384623204341596
 15.011747353071106 -23.595362568502896 4.9853024844891687
 14.75980188423757 -24.971637034814563 4.3761489126267641
 14.507059226770926 -25.983307545391103 5.4902942923355518
 15.753906321228477 -26.103300944518935 6.3618732659279846
 16.897103655645193 -26.688605027716768 5.5377403975296922
 16.99634259670265 -25.948783006069739 4.2067666904776599
 17.138227994076498 -24.451590452911372 4.4655310481066239
 18.328287260967787 -24.204660166092559 5.3882771533477563
 19.625643391495394 -24.449094234320086 4.6229046578450026
 19.834907879764813 -23.331535014888928 3.6050904483678039
 19.793393058092569 -21.981465766371628 4.3152070189316731
 19.652374416418631 -20.866856559244454 3.2825231088760836
 19.51093351706033 -19.525707013695225 3.9966578079782553
 20.540649058777813 -19.43526227459277 5.1192359354660892
 20.517902037641008 -18.032477120705106 5.7195295178586623
 20.805578718637751 -17.006299832150532 4.627339836683543
 19.816632482170871 -17.192520084707592 3.4801766578308113
 20.200497101370814 -18.428946421252586 2.6723562146478343
 19.034562332416304 -18.833068574412792 1.7746049128564731
 17.759825811694903 -18.929919627817238 2.6078771830019969
 16.64644065759979 -19.546374979048355 1.7658366266277477
 17.129786449077454 -20.865002624863305 1.168949721466229
 16.043609189609274 -21.444465913487761 0.26721957438748656
 14.764188494208909 -21.644140282765818 1.0746159023668669
 14.298961037282925 -20.30195655402936 1.6320943787560611
 13.956272566956347 -19.362740083087804 0.47922273238026025
 15.204850212535074 -19.111283833145745 -0.36131258355006213
 15.501996632628833 -20.342174130633516 -1.2129516388873947
 16.923206697551699 -20.251273856244822 -1.7611989293302552
 17.326717466101364 -21.597314017568007 -2.3562039240735384
 17.436505702158726 -22.634360324850981 -1.2421314399980665
 18.692333336127202 -22.365548221418219 -0.41792697094374276
 18.815369102850557 -23.417388926016507 0.68078560851318848
 17.63935750668378 -23.28730402992748 1.6445027067794298
 16.358230163697815 -23.737952502192851 0.94858267868816981
 15.158149423156152 -23.423356439315963 1.8371272940020349
 13.870506973117394 -23.617032147112809 1.0414246855687681
 13.874500606241888 -24.999090014620425 0.39445010975090067
 12.482266557414947 -25.312550672454861 -0.1460152168676272
 11.438890561941696 -25.002124849848663 0.9234137619474212
 11.397499546997301 -23.497254805796523 1.1730713963116082
 10.980698536730669 -22.779715885283874 -0.10758890813691591
 9.5408291368246054 -23.148888703833848 -0.45278963417605556
 8.6447078438701812 -22.888356942234886 0.75459010290410644
 8.6360838119706607 -21.39529717227812 1.0698267591012875
 7.8840279747360205 -21.154721089580967 2.37566410200251
 8.0232467085973784 -19.690225718671698 2.7813085925694256
 7.467062674190899 -19.49650267009795 4.1890751571398992
 6.039103854262553 -20.031121874797922 4.2506536806261233
 5.1370861716181615 -19.178031903375778 3.3633670297315348
 5.293382366960806 -17.707984078010252 3.7417938924929395
 4.6920221189175955 -17.47112556252905 5.124161389115085
 3.170312467158217 -17.545412399063117 5.0372292221109269
 2.5680274792735363 -17.283938042152933 6.4147487152750289
 3.0918848244718062 -18.32029689010211 7.4048041784482805
 2.568585209075116 -18.00005748143781 8.802044398905716
 1.0669084272031593 -17.736931524359555 8.7356548402518026
 0.54806002286118449 -17.392333659034417 10.128753775907512
 -0.84229871773600129 -16.773598214343057 10.015859923428653
 -1.4225548617634747 -16.566443859761055 11.411949419376535
 -1.4290732597439206 -17.894739469738994 12.163124687207574
 -2.4537845754792764 -18.832362235347979 11.531059604470357
 -2.3061657493672101 -20.227487986325304 12.13148347236468
 -3.1501547199778521 -21.217336231393929 11.333636952523879
 -2.9252728544606632 -20.99150439825257 9.8412884242968275
 -1.4333816425096175 -21.077550162920527 9.5322047170493054
 -1.198773840485982 -20.753741597794754 8.0595258001156953
 0.28708371732583249 -20.497206575093475 7.8248066061389583
 0.71430171301746292 -19.245345368473707 8.585729929160177
 -0.14344589010565734 -18.063103563590357 8.1438596267833017
 -1.6146950485292479 -18.467972419030971 8.1573919485355812
 -2.4512293368141713 -17.369783443502616 7.5071094264334253
 -3.8761009612428143 -17.873089320121156 7.2947417065246656
 -3.8991762936639174 -18.861866339317999 6.1326472459312988
 -2.8751303177314362 -19.965347772636704 6.3823161576870708
 -1.4863807069590547 -19.348935200258424 6.5240414525129093
 -1.0338314663701751 -18.797313265271121 5.175120244405031
 0.27304453744836543 -18.029394160195071 5.351334201577564
 0.89220363765988853 -17.75696482246218 3.983452531049152
 0.046194771166042981 -16.729567072235636 3.2368610358905485
 -1.4078338799881633 -17.191741197161573 3.2073354559378409
 -1.4750631712438909 -18.629794896322679 2.7012151335576329
 -2.9238934090687638 -18.992364303237242 2.3879893888720076
 -3.7025587713809371 -19.150292364478926 3.6908381832482458
 -3.7274244150789637 -17.817789112083929 4.434136765326917
 -4.146969459766912 -16.707342079954461 3.4751970673726791
 -3.3052656927169761 -16.786402966175896 2.2047797560911651
 -1.8813619801056654 -16.328873977320459 2.5078332853043506
 -0.99239812147158479 -16.593921527591885 1.2961530246177935
 0.36043728807422337 -15.91770234963275 1.4992293108730261
 0.21425273930270708 -14.413102417434553 1.2906984457005626
 1.4546588300479337 -13.702033794431394 1.8240371217990212
 1.4006352762374707 -12.226246357127515 1.4395778970044228
 0.070253950432758172 -11.630579398983308 1.8911777230952249
 -1.0722535874961696 -12.307142611078309 1.1391040925142866
 -0.94292445054415674 -13.821860650603488 1.2716908002649892
 0.49207235536381955 -14.23950549375078 0.9634166495058003
 0.7073605678878232 -15.685050522739019 1.4024229760154951
 -0.25929133950391059 -16.595209895915605 0.65017966075463784
 -1.6624204664276254 -16.437421948939168 1.2289780859141857
 -2.6465138286810816 -17.271411483416287 0.41368813089741552
 -2.2367561014216784 -18.740354436639102 0.46828854415743654
 -3.2064612068668312 -19.571085473466852 -0.36731540085755504
 -4.6405549584988783 -19.227720157618119 0.025305754204090314
 -4.8233608115428233 -17.712763136504844 0.012529046005376835
 -6.1684107218890363 -17.356679197766042 0.63920357656316551
 -7.2795883609019585 -18.128264613666396 -0.066924032674330447
 -6.9548822040796994 -19.61921743132346 -0.049557189492515016
 -6.5736942947518227 -20.041068687989565 1.3665689683872795
 -5.2544126482483531 -19.380965780718249 1.7569996139710617
 -5.4084054898861629 -17.863713618897322 1.7030729770097468
 -5.8371736236097824 -17.444782585720905 0.29974454896988822
 -4.8570805609159509 -18.012252241545081 -0.72303195554032795
 -5.0859209491726318 -17.34151841099531 -2.074484583366579
 -4.0268663034905536 -17.81695891934293 -3.0649569860519255
 -3.9025151619603964 -19.335919375463639 -2.9876787462839198
 -3.1926586118330502 -19.723724049086918 -1.6936975975197035
 -2.8021372126818846 -21.197871286122098 -1.7490054662771055
 -2.1592310385963502 -21.604496148376164 -0.42612834699524282
 -3.0099927998780389 -21.092068662405563 0.7324477174746935
 -3.3129958656558864 -19.610807603111251 0.52573338234661171
 -2.0469121552395801 -18.79351334416241 0.76602098607943003
 -1.5733217798965284 -18.99828678159788 2.2021463273025441
 -0.36584016391549001 -18.105235823344341 2.4725610699298177
 0.66351568215474077 -18.290102941285699 1.3612885152138234
 -0.029877749705525258 -18.201656244109916 0.0048008704445638983
 -1.2178228116670802 -19.159082743534853 -0.023430813174843274
 -1.8812762896094977 -19.107290258724539 -1.3966835288550994
 -3.1270354758457053 -19.988626430272419 -1.3941139706549737
 -4.0951092177941444 -19.499123600131171 -0.32084969311957767
 -5.2583490089257108 -20.479251549341132 -0.19879072578991325
 -4.7235968083887041 -21.861944482554968 0.16297762061600396
 -5.8322004839199906 -22.896968855329309 -0.0055407414740673566
 -5.2974482833829839 -24.279661788543144 0.35622760493184957
 -4.1799305913413853 -24.662417394388811 -0.60986160118094557
 -3.4478481349816201 -25.892217936970717 -0.080407257015730704
 -3.066570908490295 -25.668520530206692 1.3801622027382541
 -2.1860891835273994 -26.819326401367263 1.8587787286842801
 -2.9020272824907583 -28.144484095396511 1.6136956317401183
 -4.0107410160104413 -28.323162944075296 2.6468963509324661
 -4.6280001701357749 -29.710669622221921 2.4969218372745989
 -5.9027320723610188 -29.794040167474929 3.3316576814991912
 -5.5804096913396899 -29.469579368485949 4.787511201813679
 -6.7895097017373311 -29.791834105854026 5.6609555612895246
 -8.0286528872386818 -29.111023961848389 5.086762463416953
 -7.9771291526075325 -27.617002849539599 5.3932297875237616
 -8.2609609358221299 -27.390971913546238 6.8754664537856307
 -8.2832105493017192 -25.893292433404795 7.167249128842232
 -7.0698173513704363 -25.230439619350133 6.5215099445628333
 -7.0787293740282475 -23.73683935827783 6.834167642336002
 -5.8268175802156286 -23.087025482377541 6.2518148393031439
 -4.5920795838435975 -23.855565898671184 6.7138145241929621
 -4.8135732627321124 -25.350418521929001 6.5016066427380705
 -3.753050269706999 -26.136268569341421 7.2673785958983199
 -3.980296309267298 -25.97056009982872 8.7672372361160669
 -4.0071330345588283 -24.485512893746694 9.1173666206062993
 -2.7493927556854985 -23.811763874677649 8.5762311013479078
 -2.918017772146448 -22.296238681833437 8.6347545468888089
 -4.0565927805510045 -21.874320067534924 7.7104669113851747
 -5.392875137143605 -22.252547818931248 8.3428981183420419
 -5.6647511510124771 -21.345829917884181 9.5398200376849402
 -5.8878242563493464 -19.916035981116927 9.0554609889835813
 -7.1139094951950543 -19.871053342610864 8.1480649622578714
 -6.7709794290325842 -20.492586658857263 6.7972239995544648
 -7.9738012476800391 -20.380475044575515 5.8648471130280573
 -7.6068226848390088 -20.934414285810639 4.4911098559679976
 -8.8308235056217121 -20.891114244839958 3.5808224853123822
 -8.4076064949649183 -21.182593648953208 2.1439497982351936
 -7.1635331105199835 -20.366908953362795 1.8039264291924006
 -5.9632280070713479 -20.929513787866849 2.5598493477679205
 -4.7017679922292661 -20.177918663068496 2.1445188777396891
 -4.2847692989948571 -20.61750616097115 0.74396508672401018
 -2.9695785554835115 -19.94094366218124 0.36818257859845199
 -2.4256219428359622 -20.562196593457298 -0.9151069440494275
 -0.985103474102208 -20.107052631979094 -1.1305750752586488
 -0.523802283816444 -20.519538254449071 -2.5254703484230543
 0.77705199560784832 -19.798034689159199 -2.8658917769163508
 1.8979567344005726 -20.319544117764785 -1.9713100408925277
 2.008129027319562 -21.833956466770751 -2.1232748494868829
 0.61826184245312388 -22.457445480043035 -2.0326842387145589
 -0.14109150055583652 -22.200103768243466 -3.331080843696677
 -0.037870307173240275 -20.722281828356895 -3.6972279442266105
 -0.91785537044588172 -20.435422249026097 -4.9104937313330916
 -0.25773646885863721 -21.002467345872116 -6.1640402577572404
 -1.2779025067168692 -21.054762456639484 -7.2977079677103678
 -2.0068794075960108 -19.717257980781806 -7.3890887919856691
 -3.0946839881732195 -19.801853873205815 -8.455953698831955
 -3.9428259146808147 -21.048486315669862 -8.2209242838728525
 -4.5093161955579006 -21.019533926599237 -6.8042639431987686
 -5.0568243666051798 -22.398223977260692 -6.4463190496138871
 -5.958920119206697 -22.896045461044437 -7.5719624316055176
 -5.1823473240893607 -22.894436131074617 -8.8855864660767985
 -3.8072816124635764 -23.518374897684488 -8.6651988433927336
 -3.0709757876826043 -22.754170287745385 -7.5686036370648271
 -3.6735545787739499 -23.104413404177166 -6.2110674276328455
 -3.299127450727239 -24.536951636518324 -5.8418594392801078
 -3.9829199045424342 -24.920911609395912 -4.5327839566080268
 -3.6870403754698624 -23.862551094549676 -3.4740090395977514
 -2.2437495483994043 -24.006089748048705 -2.9996839997296676
 -1.2956729988429041 -23.577795588610201 -4.1161028141410929
 -1.7417277191399123 -24.207343478667578 -5.4326819574609946
 -3.0326317805304539 -23.543390284078736 -5.9032229861509267
 -4.1837858871756124 -23.967661927111667 -4.9957463772666939
 -5.464923705087994 -23.265020313257509 -5.4358107520972734
 -5.6409288213741622 -23.423774020419238 -6.9432905892769963
 -6.7750144126073986 -22.521658580310543 -7.421530701014353
 -7.0005410551225378 -22.735528344138885 -8.915543236984437
 -5.656777702035221 -22.735323617345824 -9.6387140390681303
 -4.7214423414569904 -23.742541448373014 -8.9758897756975333
 -5.2776878301068706 -25.151644614280109 -9.1594523649883879
 -4.2414550228771333 -26.172447993240528 -8.698086966715314
 -4.7572194787054825 -27.581984843921589 -8.9735300509924674
 -3.6092098700190247 -28.578917100777815 -8.8436223391235398
 -2.5167521213951707 -28.231893174994887 -9.8509884406009576
 -1.3169400511330813 -29.150435248718395 -9.637898190112999
 -0.39245605336904033 -29.070161053613539 -10.849327672781465
 -1.2194198372489313 -29.16469917817102 -12.128338792027934
 -0.29157792281388151 -29.384462289353817 -13.31976212434129
 -1.0512409103616964 -29.109896791358096 -14.614444298722397
 -1.8174107434598865 -27.796371600315979 -14.48672836648227
 -0.83201479765517794 -26.631278180101429 -14.471623659788328
 0.088474010989122331 -26.726884688192595 -15.684980882032097
 -0.71125889225464944 -26.447791649678706 -16.954315494859728
 -1.2695319380688379 -25.02850856504401 -16.902907985806305
 -2.2376898390679565 -24.904127654728196 -15.729930719239775
 -3.2574868992859067 -26.037807847330711 -15.788745486700433
 -3.7852313946838709 -26.174803117333887 -17.214015301007116
 -4.8764665080988072 -27.240810265533195 -17.252882861236326
 -4.2400711047312951 -28.62478326013531 -17.16180245288928
 -3.3870722983778063 -28.875828307484685 -18.401982044948742
 -2.1391807210560851 -27.999175436929853 -18.3479232270059
 -1.4831486617218259 -27.961390035649856 -19.725192336721086
 -2.4815160339899558 -27.431811613554935 -20.750611901992677
 -1.8418811891760287 -27.440772931201053 -22.136058746907995
 -0.51024385703527475 -26.697116213077223 -22.087143501449681
 0.021415039543752012 -26.510576486623378 -23.50531759095449
 0.10790672675107772 -27.866834140278243 -24.199407185276819
 -1.2993240447221475 -28.39793739386063 -24.456908427706772
 -1.9438491729112055 -27.604467849375126 -25.589899796211732
 -1.9527383396693518 -26.121047895031413 -25.23204197281094
 -0.53693605825681479 -25.56223198330089 -25.341150527671381
 -0.10380576258573176 -25.554266178071742 -26.804369818454152
 1.3538098000611507 -25.113186242327117 -26.901742103078806
 1.6794290241931737 -24.745890076715519 -28.346644053940032
 0.69150162753425404 -23.692418963436889 -28.839466610666197
 0.88842797296723997 -23.470096267864925 -30.336286116654787
 0.38806057173117425 -24.691072905227625 -31.102787594014515
 1.102974069985482 -25.939770328958534 -30.594526407239961
 0.67652680178963842 -27.145364086723689 -31.427210272032536
 1.4648923063336161 -28.374695775201918 -30.9846049953488
 1.2856768918251471 -29.490961345242091 -32.009548414443408
 1.6094351995536451 -28.959834765135849 -33.403019301861342
 0.57727076510175568 -27.908246865778811 -33.799851092647259
 -0.82657752700013321 -28.477163110445783 -33.614863851691197
 -0.99569104667612029 -29.712335669966176 -34.494878263885987
 -0.22144410497954381 -30.879394815935189 -33.888915704742708
 -0.49033610969455965 -32.144411223185195 -34.698919765960014
 -1.9842741475468495 -32.255137525469955 -34.989720084117138
 -2.2353702327130991 -33.435893112585589 -35.923231197874927
 -1.7565067977868005 -33.08469520552628 -37.328943060515222
 -2.2485856879501016 -34.141573036496759 -38.313597119694734
 -1.9736978221472636 -35.531981504938884 -37.748020465191836
 -0.48693782653383932 -35.668797836818314 -37.432581078344661
 -0.11160445153596715 -34.698249675005961 -36.316410337277112
 -1.0614712703441564 -34.886381679693265 -35.136988709809039
 -2.4299215977346824 -34.30948090193624 -35.487994684242508
 -3.0107162505155043 -35.064941365280298 -36.679897809343316
 -2.9506269078526985 -36.565704341273005 -36.410127980066996
 -3.8013883746908843 -36.897974868611904 -35.187639852024368
 -5.1372777822560067 -36.166504781865086 -35.282650393280626
 -5.7442484576487027 -36.391814879380462 -36.664496245454757
 -4.7623553511714665 -35.92353352005334 -37.734671229258396
 -3.579930745438368 -36.886143728815583 -37.797358051984844
 -2.4383451644494558 -36.24058726209114 -38.577560083223133
 -2.0587279505179379 -34.915774845594242 -37.922244257088572
 -0.93395637804865883 -34.258306259443941 -38.716788131264444
 0.28972742002376872 -35.170048384397091 -38.717297955592223
 0.87022588161853798 -35.244301798210088 -37.307977563834861
 -0.25091185185179077 -35.515585475431607 -36.308912326194154
 -1.0538319709715673 -36.731579792421485 -36.762071352763087
 -1.402494983561444 -36.589503801642813 -38.240896736808111
 -1.9199962565076665 -35.179194406149534 -38.509030735924838
 -3.2215787780475758 -34.96001779048828 -37.743184438833197
 -2.9909213693333787 -35.229661719489464 -36.259012847891654
 -2.6228218602785227 -36.697040528376725 -36.059067398675921
 -3.7374003104733053 -37.581517452328363 -36.610512272945634
 -5.0078678300763775 -37.369596539464581 -35.792173829314585
 -4.7717897291662581 -37.829972442954734 -34.356556485536586
 -5.8942199602391057 -37.30913419174103 -33.463497757094665
 -7.2432249068107284 -37.64233758640664 -34.094241089923869
 -7.3399087155551275 -36.984108835305562 -35.467581234371153
 -8.5265082227844076 -37.567253389561159 -36.22955238755555
 -8.2331124884560776 -39.019452008307802 -36.59522179397095
 -9.4738644128700926 -39.64709263742742 -37.223933097146848
 -10.698173396096701 -39.314941073619167 -36.375747473447497
 -10.775423661995198 -37.806004014237764 -36.161697602520363
 -9.6620537602946399 -37.368239589860877 -35.214361457988154
 -8.3352711713636722 -37.962136483624541 -35.678700171953942
 -8.1999710065408067 -37.788139052991916 -37.188698436698658
 -9.1238665453020804 -38.772784470031475 -37.899730388273198
 -8.7561441996872045 -40.198031287116038 -37.497079439030905
 -7.2438922687395415 -40.379707543973488 -37.590694795886591
 -6.5584722907891253 -39.481563533366725 -36.564920556573895
 -7.0481529522567943 -39.841156071292509 -35.165069830084612
 -6.1750003628753607 -39.144498812538671 -34.125382752410772
 -6.4992977767303826 -39.692116424169953 -32.738435695455067
 -8.013053635033927 -39.779397725433242 -32.566385772754195
 -8.6107903731277773 -38.375634958123207 -32.595314738288671
 -7.8145427605663036 -37.463693624208624 -31.666321335196844
 -6.3392585787586793 -37.50412798995297 -32.054364689701146
 -6.197167932597492 -37.220101511685407 -33.54695144025078
 -4.7218837507898677 -37.260535877429753 -33.934994794755077
 -4.1447788280961868 -38.633174567086321 -33.601095205266674
 -2.782877044971241 -38.789942677826211 -34.271411020816352
 -1.7959287070317618 -37.801439601748967 -33.657024622184174
 -0.48694793215940035 -37.834922399015348 -34.440685411876792
 -0.78207965787832712 -37.696707174550951 -35.93148044010848
 -1.6943906531708719 -38.83560690474382 -36.377879423569269
 -1.9492869937653567 -38.725799097423 -37.878428023582885
 -3.0316301328651099 -39.721553686768509 -38.28546871815891
 -4.3459420697661901 -39.352320641495929 -37.603613095026006
 -4.2651905038245648 -39.699645888126703 -36.11986097366249
 -3.188098269060323 -38.847249818061904 -35.455053289028399
 -1.9383808103623106 -38.831578723289176 -36.330631206871175
 -1.2130069742999725 -40.168451293776975 -36.207016773112592
 -2.0907385126705065 -41.278882424686628 -36.777285174881698
 -3.5094196213026274 -41.136853429977748 -36.233366360468914
 -4.0502891336735125 -39.751824146930254 -36.576630188578605
 -4.3714927966578934 -39.685383937548941 -38.06696233459931
 -4.7461039774361602 -38.254943784166656 -38.444034517115448
 -5.9686986098463048 -37.82003221426308 -37.641046166536313
 -6.3583269339118438 -36.398500461669499 -38.036157853852693
 -6.5182089639516398 -36.316699163558305 -39.551552945601891
 -7.6076342035744444 -37.285738831272006 -40.001875907119505
 -8.8962210752521091 -36.994111619601071 -39.238217970898781
 -8.6788386962901836 -37.26107535027954 -37.751560220164272
 -7.9391586466719337 -38.584014562218393 -37.574412638438623
 -7.3952168398198124 -38.676952785467876 -36.151680830465821
 -6.177130551885794 -37.768470654490933 -36.011673641926812
 -6.5364324736829289 -36.359658085933326 -36.475166118313318
 -7.294370682276246 -36.436214411933044 -37.797416019392408
 -6.4263453831289974 -37.130990427826035 -38.842640573151115
 -7.2200677696220561 -37.296604708297217 -40.13540995834078
 -8.2870222050680322 -38.370687897988958 -39.944021520070173
 -9.2595079973907044 -37.933818891783183 -38.852191471414606
 -9.77586009297457 -36.531487904007662 -39.161261551025348
 -10.720071198134209 -36.588756923296792 -40.358701173020023
 -11.969292416882901 -37.381472897195415 -39.984904796159739
 -11.618438848656455 -38.862402842253985 -39.873440579966889
 -11.105538524176778 -39.367067564965872 -41.219145887528192
 -9.8469628372539013 -38.595855612390146 -41.606309114721626
 -8.6869313860985784 -39.034713709660593 -40.717260970473795
 -8.3453680531015824 -40.493194502246425 -41.008541363240077
 -7.1853366019462594 -40.932052599516872 -40.119493218992247
 -6.697182643811435 -42.30861250408212 -40.561606939996828
 -7.8672356103649044 -43.288230825173244 -40.561585918237881
 -8.5599572110521756 -43.254318110346183 -39.202298343177247
 -7.5255823325132365 -43.454193675716915 -38.098308139862397
 -7.0521994956116547 -44.904910872910442 -38.100382626270601
 -6.7004257962897782 -45.32390994518267 -39.524942573026195
 -7.9266910337131886 -45.167020942693298 -40.419557243364586
 -7.5277549997042534 -45.393413078211516 -41.874985923082221
 -6.4885676280394664 -44.354214928312715 -42.285878624184619
 -5.2770313065058678 -44.452958980939506 -41.363324911019063
 -4.7589612513992829 -45.888300550762715 -41.354722821784378
 -5.756139398316285 -46.785422757136239 -40.627066659752778
 -5.9637930342246941 -46.268700372258628 -39.20630843103816
 -6.3869410574656538 -44.803316903387632 -39.253984835965227
 -7.5592249893302759 -44.642720933473328 -40.217642097412046
 -8.6242632069271465 -45.689348924808954 -39.903095689372286
 -8.0827191243594818 -47.079506457749225 -40.223826168505866
 -7.400898473632771 -47.058128676679551 -41.588868142482866
 -8.4110937012294684 -46.64776477257319 -42.65647437529875
 -7.7232828463464891 -46.602273685531927 -44.017915813225784
 -7.4957004017365945 -48.024721296808849 -44.521428498346879
 -6.4963968741147964 -48.003146932131912 -45.67451262644478
 -6.9501602535767573 -46.991449453559966 -46.72296053040106
 -6.7674847510076868 -45.577446906650017 -46.178991360233113
 -7.4869665336621942 -44.585078472879587 -47.087961577613314
 -6.7621009240759973 -44.503986945982412 -48.42836077647334
 -5.4516448944562343 -43.74188041364178 -48.253504756282965
 -5.7441773774755092 -42.250552052980574 -48.115517557362089
 -4.5002169625173769 -41.533072216516324 -47.599318787231532
 -3.4389021478066124 -41.501208816777996 -48.69534414635077
 -3.9850844299729902 -40.759327911116863 -49.911885817015133
 -4.3960939680856628 -39.347132911055432 -49.505127361194248
 -5.3636834133809126 -39.417581636376347 -48.327212405667417
 -5.9846538178573985 -38.043088083733956 -48.095179583616961
 -4.8790600112318705 -37.017408116908499 -47.862115342678791
 -3.9682556870909038 -36.963365938970952 -49.085304177703769
 -4.7841539308495848 -36.561200318704792 -50.310558791940053
 -3.8409191169383421 -36.193478274412691 -51.452383902877514
 -4.6420091701088841 -35.580776241175997 -52.597603071935872
 -3.6887522868631368 -34.92316204259609 -53.591343923652552
 -2.7724319369350985 -33.952305604878902 -52.852107294655632
 -2.0124894186136126 -33.09884852809413 -53.863430381969017
 -2.9991927730675858 -32.237975378457584 -54.647005464870468
 -4.0327893282087608 -33.134609797593043 -55.322579946050595
 -4.9745713616023934 -32.280241575124577 -56.166249041142329
 -4.1574623361907239 -31.389190374991657 -57.097397041909318
 -3.5426412920426782 -30.244455264181305 -56.297239176391145
 -3.0034461712040299 -29.185675490482978 -57.254803802132407
 -1.9204496433744895 -29.800587693817892 -58.136664053475464
 -1.4688873039164749 -28.778689946945722 -59.176131440419695
 -2.6194752275965625 -28.484256880236718 -60.13432380060096
 -3.0393624166354445 -29.772079016588144 -60.837093246154879
 -1.8565803339512419 -30.33356033100603 -61.620956294423301
 -0.63590513869947807 -30.419420162466736 -60.709223791416811
 -1.0292957321584553 -31.082684834746843 -59.392409523768166
 -1.4873321976381062 -32.513578057239656 -59.6596606830078
 -0.51493926915737886 -33.18816400592322 -60.623020320152335
 0.90172885158196725 -33.098140320100129 -60.062999631542041
 1.8555976523588176 -33.879093599556789 -60.962400702372129
 1.3799868116109819 -35.324632805369866 -61.075920447880669
 1.6324306458671334 -36.049029865988153 -59.756755178055272
 3.0946613878238169 -35.879773643494524 -59.354375272463727
 3.9940185693514128 -36.402254737652534 -60.470997933115953
 3.9290745124985209 -35.452655880316222 -61.66377631975152
 4.2828344115033525 -34.039409062749179 -61.209614050851286
 3.220987760751358 -33.536517199638055 -60.235828928607539
 2.9516177464722047 -34.604580547709652 -59.179724539868801
 4.2763924743130683 -35.10004800939786 -58.606872102602196
 4.9074442393964262 -34.000134957181537 -57.757966367346967
 6.194657349433462 -34.520591947412115 -57.124813202094842
 6.7995551626427631 -33.437307511178666 -56.236404813014204
 5.8726333126835204 -33.172254440145068 -55.053510585450439
 6.5640237408503648 -32.239011516661137 -54.063706098894485
 5.6185603413899639 -31.934243665887529 -52.905305685645466
 6.3578225386584464 -31.124519015203145 -51.843932332972763
 6.9162019878983454 -29.850853386731153 -52.472155428310295
 7.4126691434145204 -28.916019604391032 -51.372936540695449
 8.4924563924924925 -29.619190993178957 -50.555449235155749
 8.971322858820546 -28.693468169503021 -49.440819179418952
 9.2658397903178074 -27.311690592593731 -50.017556992477893
 9.4538060578373049 -26.313762606476043 -48.878485257775566
 9.4503988394369021 -24.894423426766551 -49.438967803270288
 10.700570621166491 -24.678638345110372 -50.287014567724682
 10.688938170877824 -25.646229300632982 -51.466975765769348
 11.913756727387257 -25.396810159479074 -52.342353167611584
 11.77506295484198 -24.046560309129507 -53.03968047891383
 11.690276928416054 -22.939135479029929 -51.993211379799241
 11.851725062881529 -21.582483769562483 -52.672995639014296
 13.163432635384028 -21.556126587587929 -53.452357264447471
 14.308202029263283 -21.981671899502764 -52.537430916403814
 14.101698405782653 -23.429887045926954 -52.103028863972185
 14.392418101318205 -24.360273288855314 -53.277141080754397
 15.856070224364121 -24.222191495590362 -53.686203277824461
 16.134498730058308 -25.11540087099262 -54.891744890092696
 16.086131061104425 -26.579182746674746 -54.463166788663834
 14.738600740164578 -26.874710071212103 -53.8108619254293
 14.753380458972128 -28.284714100748364 -53.227469950335916
 15.345524460188821 -29.252168445534931 -54.248289999402623
 14.36118186870471 -29.44459124455004 -55.39838526893876
 12.961109209072607 -29.676087804544959 -54.837241891127817
 12.460050113369585 -28.396267224920063 -54.174161906071909
 12.083522730895709 -27.379807256639822 -55.248271892586779
 13.347761835978794 -26.877027465082996 -55.939349287949021
 13.006213608191121 -25.673828960918204 -56.813611358309267
 12.119546585936213 -24.710173339814219 -56.030115707038512
 12.002053216784663 -23.392782981640423 -56.791268748414566
 11.156282915508051 -22.411906540661199 -55.984280517391163
 9.6916652065377829 -22.836768358879425 -56.03962852540279
 9.4829087648337467 -24.06205926264726 -55.154326910589653
 10.45163539274566 -25.164206216596714 -55.573274177288255
 11.860550381255011 -24.588719590247983 -55.684852392219845
 11.869646434347949 -23.459190717061389 -56.710892248393002
 13.283658978366976 -22.900255636232956 -56.840646249394965
 14.158553383296239 -23.897831955713588 -57.594355256263547
 13.695694160107493 -23.986385560996489 -59.045766844511476
 14.616545970254997 -24.927120274819732 -59.817599819938053
 14.827614913572287 -26.206680874015738 -59.013329607787959
 15.762388715595186 -25.923087405846601 -57.840960773391835
 15.191992254019006 -24.78595831624105 -56.99819075126593
 15.129615804085333 -23.512364177255826 -57.836488519147984
 14.822719894948357 -22.321954530907242 -56.932378030969076
 13.585686211258153 -22.626020552000298 -56.092159297404805
 12.441609137935838 -23.054636491885393 -57.006518103549595
 12.125112422603376 -21.929769284791206 -57.987935239933385
 11.414905006436484 -20.796897457224521 -57.2524878602201
 12.175298438372035 -20.465590811348815 -55.971584376319875
 12.035909684285238 -21.620020521666234 -54.983384589247223
 12.509379027344632 -21.169993820620657 -53.604262132926245
 14.016399047512401 -20.932121506398424 -53.635621675970782
 14.716331150383947 -22.171252427368344 -54.186371720969362
 16.228014231432425 -21.971904327200857 -54.125129599588277
 16.676757413203024 -21.923261513752408 -52.667412400158263
 18.181033155227922 -21.674257169550437 -52.605546993638519
 18.570542802447925 -21.25723423443586 -51.190255466669313
 18.267370043944027 -22.396888781886958 -50.221777386909615
 16.864919422815479 -22.934737740174029 -50.491085302436666
 15.891948601258683 -21.768573936010089 -50.639630791283885
 14.504485935461933 -22.303310565513797 -50.982676106201687
 13.951317388310738 -23.08422425785454 -49.794040601281338
 12.644975230027386 -23.763780152184943 -50.194477802315738
 12.853216412514387 -24.545515380876491 -51.48838724355916
 11.5931983703677 -25.344271955925162 -51.809352143947365
 11.658690558295376 -25.84164557022417 -53.250534388189728
 11.783827089742497 -24.64996942697546 -54.195481380411586
 13.155319966419558 -24.003852422148736 -54.0216535768309
 13.308956150986891 -22.858707295309326 -55.01850590354104
 12.163932434552748 -21.866737242401761 -54.835224418011862
 12.383993717092494 -20.661107081615508 -55.744457582458331
 12.725934551468566 -21.140486010066343 -57.152274441550233
 12.65304445365766 -19.964848174614001 -58.122449020424533
 13.748980884506015 -18.957783008123041 -57.785671512298215
 15.115637717630124 -19.593290412661879 -58.024534316542322
 15.423051300037823 -20.578014475269853 -56.900038247241952
 15.629264260044144 -19.813431722086051 -55.595597589849227
 15.639313747378418 -20.794101529914816 -54.426468967405455
 16.089730892857517 -20.072050349810588 -53.159803072874297
 16.07594076743818 -21.046657152794488 -51.985653418009854
 16.907824238734563 -22.277259949911635 -52.335314176333128
 18.338674617828293 -21.851709642135685 -52.651937182760307
 18.858882954622509 -20.946264839876697 -51.539179798425408
 20.13186903198195 -20.245850137571516 -52.005657763225067
 21.276338216997829 -21.253660982053724 -52.062081041160894
 21.357219078720703 -22.007267776816352 -50.737614701424611
 21.729966749081097 -21.036254375894639 -49.620982197208832
 20.782542733228965 -19.84030181486083 -49.648572158121461


