 0 0 0
 -1.526 0 0
 -2.0353892671907348 1.4384709154066642 0
 -1.4471823647092199 2.1871508457479671 -1.1925464358997697
 -1.6856063223950597 3.6847076933916472 -1.0218024624279536
 -3.1311984731248352 3.9250938108931703 -0.59618074275072042
 -3.3301109079089253 5.4049303843457519 -0.28123065279933451
 -4.7691554560346159 5.6411163644255771 0.16826125071335191
 -5.0323429088957408 4.8714907440156257 1.4594176196575126
 -4.4663668331259405 3.4597716768675881 1.3353355617003289
 -5.2735846700165867 2.6761434370854951 0.30431560766374277
 -4.6191455020643195 1.317556843564339 0.070589607067909288
 -5.4263633389549657 0.53392860378224594 -0.96043034696867635
 -5.3223534678092763 1.2218022967634514 -2.3186231643582595
 -5.6609915365930883 2.7020292452049626 -2.1672017673302979
 -5.8986623883287335 3.3137289551332962 -3.5448853417075359
 -4.6953419644432977 3.0342986148549924 -4.4407729699244491
 -3.4810651447360854 3.7940125356607557 -3.9144246407206111
 -3.2321003491916955 3.4105793603065706 -2.45851546408309
 -4.2696319545335406 4.088913142422915 -1.5685337519358638
 -4.1642194309646809 3.5354234260918087 -0.15036121878252651
 -2.8433885661166283 3.9783545952713069 0.47244999325048331
 -1.7144564492694341 3.7845799066323726 -0.53583550480738062
 -1.9945656577780191 4.620914460491079 -1.7811303876888005
 -3.3268809744813113 4.1953520590878028 -2.3914651641760001
 -3.3075623531706562 2.693272480986729 -2.6599046022665136
 -2.1309080322065919 2.3535993241543189 -3.5702796653499096
 -2.4287525894711037 2.8331491542673746 -4.9880231471358218
 -1.2045156336667482 2.6061411241425732 -5.8702857102664003
 -0.054855015958897191 3.482562766409659 -5.3815715104957542
 0.33404459647428392 3.0694217698391064 -3.9649743170769591
 -0.75089187017745274 3.5146186280214904 -2.9885581041873044
 -2.1094282132324329 3.0193404353586257 -3.4761588798956748
 -2.343800174333782 3.4998644049896881 -4.9054392927116863
 -1.247176035874292 2.9510048080910907 -5.8136488730621068
 -1.4532605569754979 3.4718384437207126 -7.2331338128058551
 -0.26532618390926133 3.0676298997651701 -8.1015250715602622
 -0.089231977502160081 1.5526796514223953 -8.0506077315274993
 -1.2896099202247762 0.87794249691931958 -8.7082539639033172
 -0.98569681615306703 -0.60137332822566714 -8.9272003378150586
 -2.2206221363757499 -1.2968200203500053 -9.4928763509941714
 -1.9014897289960131 -2.7652607654261332 -9.7584178444754635
 -3.1036177761043717 -3.4369651984209781 -10.415971882597436
 -4.3703096431752 -3.086285344749613 -9.6406065789336441
 -4.1303517095141782 -3.300978435456249 -8.1489621618972112
 -5.4188469490804545 -3.0220593995899514 -7.3804179607958993
 -5.1324176498354461 -3.0416511708081693 -5.8816683422689957
 -4.5672062762418797 -4.4035974446078781 -5.4888395622088337
 -5.6275786137458415 -5.4783607565851486 -5.7105833988402619
 -5.8142301514836188 -5.7086174426824519 -7.2075199579394118
 -6.449155223067871 -4.4723701650462928 -7.8377888069323722
 -5.5295285252669597 -3.2706898731983101 -7.6404890023812007
 -4.2298068481641877 -3.4923352082972725 -8.4087812042796841
 -3.3305904146164291 -2.2694088155018051 -8.2521387980101579
 -3.8759237425122146 -1.1241371109716023 -9.1004549444370557
 -5.363816205723932 -0.94213189084305304 -8.8145771422842465
 -6.1405308617096646 -2.1255542510358194 -9.3845787743632592
 -5.7970312973663392 -3.3869630781048841 -8.5974753375214537
 -6.057068849828525 -3.1476898549564054 -7.112953597703001
 -7.5108871802437038 -2.7300456437191944 -6.9113064430767501
 -7.8044369298249032 -2.6114221532302122 -5.4185127493517875
 -9.1801026059495587 -1.9820220187975655 -5.2183242923702435
 -9.4424703494461113 -1.7948584863759565 -3.7267449350097368
 -9.7182923770013883 -3.1511014458772619 -3.0839360645681224
 -10.150555241538505 -2.9493203932982626 -1.6344157222609621
 -8.9868059881731295 -2.3759388299477444 -0.83092505143693984
 -9.4541548405070337 -2.0580164302708805 0.58653267209694959
 -8.3039548699492318 -1.4386061870301843 1.3752322209096284
 -7.768430205101204 -0.22256674633379547 0.62480739988475753
 -6.5555068443898268 0.33756040241479357 1.3622017979346637
 -7.0180922266922314 1.0842942420609512 2.610031648838798
 -5.804950006524372 1.4722515482732037 3.4505380927181521
 -5.0616662783617246 0.2120479815349896 3.8842341496853656
 -6.0367184611326792 -0.74685982876236823 4.5613198549135232
 -6.8984411235699099 0.022681692741918558 5.5582731636110507
 -8.0311260526735317 -0.87353318509534184 6.050715793898739
 -8.8148698654017466 -1.4072993239851166 4.8550923812035336
 -9.7467150807951715 -2.5249207660049535 5.3147257208187852
 -10.246104822340747 -3.3032737101234266 4.1008671704015072
 -10.883433745552091 -4.6111254677128715 4.5613143702067127
 -12.144532051442042 -4.3078889638035402 5.3652762384432169
 -11.840672301721675 -3.2305597826143497 6.4024392381004986
 -11.515284306716717 -1.9187429313170474 5.6939653844128193
 -12.757517088691658 -1.4100213686061123 4.9681995220165991
 -13.759329207067093 -0.87457386918235336 5.9871914036510665
 -13.125099990304884 0.27017031176018358 6.7720417465849145
 -14.126912108680319 0.8056178111839426 7.7910336282193819
 -13.603788263703631 2.1117374603384862 8.3818541634999377
 -12.199794422371465 1.8928722299262704 8.9382490811779682
 -12.279262674106526 1.0371733055846177 10.199256673481321
 -10.949486447875172 1.104009182684923 10.944846476041761
 -10.725125799819827 2.5227657283876397 11.460082503149595
 -9.4585736261091427 2.561572014759613 12.310385780461132
 -8.2632923320515665 2.133701394565366 11.463683140539288
 -7.0006574100189436 2.1485916681998254 12.320542133264897
 -7.1669932292621539 1.1820274695793545 13.489628120342768
 -7.5732494613078272 -0.1908793282147212 12.961651985943824
 -8.8681586467966351 -0.067068884673154222 12.16380665293326
 -8.5763991046004424 0.59056561971709798 10.818046931373413
 -7.8256005687444272 -0.39148272252012006 9.9233075212289954
 -8.6795054838101571 -1.6372853696631791 9.7053667944294393
 -8.088020809171045 -2.4680750378640952 8.5701970243608123
 -9.0325696864585741 -3.6189515409466861 8.2355528953711676
 -10.31241247193428 -3.0640776157695901 7.6168499200879296
 -11.162541785319863 -2.4122455935503448 8.7036209011746113
 -10.427706951693789 -1.1987518530792263 9.2658723654920756
 -10.087220421265831 -0.23812956968182242 8.1301128173316961
 -9.2787314409892918 -0.97415122904385409 7.065550143873085
 -8.9595117605347028 -0.020068960681450143 5.9181610116224341
 -10.257586925872548 0.54967287609769799 5.3532972186983052
 -9.9789183808563848 1.2163588976551722 4.0092177602292676
 -11.281232742489941 1.7642938080902999 3.4326584506960534
 -12.329546997240993 0.6558816909902685 3.3989567897347044
 -13.68256056822171 1.2460039603139985 3.0119348472169669
 -13.615455071866146 1.7807960558470417 1.5842898399009921
 -14.94478816655938 2.4374922251497901 1.2233193915587688
 -14.931477113711404 2.8388990606149567 -0.24888010861568066
 -13.763487847726234 3.7861639060248486 -0.50804489633572747
 -13.917713475365789 5.033654699811791 0.35720487985377869
 -12.915039306860571 6.0925330479955004 -0.092347292379975021
 -12.911833453449351 7.2471879765409488 0.90536895911119508
 -14.2854128520977 7.9118309322919869 0.91969993881757384
 -15.36774751996211 6.8421208226547963 1.0334889896036901
 -16.729550949287646 7.5108103934076418 1.1978717071976304
 -17.778330724499 6.4546647454832806 1.5344624876388522
 -17.409426666012678 5.7709118687200371 2.8478808517370124
 -17.668719117668864 6.7257754466173241 4.0096376989814324
 -17.418545370776563 6.0019090197707836 5.3295265171969168
 -17.309768633103609 7.0233430858042167 6.4580282097466508
 -17.059594886211308 6.2994766589576763 7.7779170279621352
 -15.619227306507128 5.7970976766434896 7.818322392285018
 -15.338893011610136 4.9537754552014919 6.5777997951805887
 -16.413898643911406 3.8797124861916261 6.4384167649285553
 -17.781778388043421 4.5425722589418323 6.3035170715899129
 -18.042550480551078 5.4248954162788916 7.5209651246073381
 -17.795139577533966 4.621606804858609 8.7946178448693058
 -18.1979960947202 5.4542446436908429 10.008329860095877
 -17.385827660465502 6.7459441550099033 10.032221424681508
 -15.907040229363716 6.4214669221731464 9.840966989475513
 -15.704990139635759 5.743691455219377 8.488756880935977
 -16.458778373030391 4.4170522332322362 8.466225261350834
 -16.079982105912809 3.6372132965466744 7.2104224819117633
 -14.60867794675935 3.2388100213887685 7.2826367575168423
 -14.425865894698131 2.1546388957864471 8.3408563585597157
 -14.732933527981144 2.7317591293014729 9.719739132640786
 -13.662932080962575 3.7533031867988536 10.094199600474081
 -13.777189002853566 4.0899285211626042 11.578216022237825
 -13.754799030721035 2.8017181290341409 12.395949887722258
 -14.913083125119785 1.905711134414946 11.966734997188016
 -16.233846205466765 2.6332531218365585 12.201135385692272
 -16.480184499500734 2.7713299155689559 13.700778091114129
 -17.866681115869621 3.3634212711283276 13.93685214616778
 -18.929600986419349 2.3753574997799256 13.46503933101828
 -20.308121672878681 2.8633148170971636 13.90122091416942
 -21.383484236828224 1.9880528907859549 13.26389217920933
 -22.76126826216305 2.5640466144685363 13.577927861593372
 -22.983441618475368 3.8303462602408804 12.75585717919329
 -22.609562263094769 3.5649136217614643 11.30037246884762
 -23.63539992965578 2.6245132567579299 10.674289219298604
 -24.932790338869793 3.3852220197666467 10.415878105061578
 -25.618552637083045 3.6889476872128131 11.744846422698846
 -27.064311966910832 4.1047014638050232 11.488712165979457
 -27.798898396188303 4.2397258997041058 12.819436472374845
 -27.12515391331663 5.3156050679553477 13.666329846491662
 -27.146046332548256 6.6432249669232828 12.914222865615272
 -26.195195852604453 6.5688523640301684 11.722993214905758
 -24.823966238320331 6.0935207529258015 12.194655386799077
 -24.987146406783772 4.8498942931181199 13.063816741834167
 -25.325344800752411 3.652120146960014 12.180847353286508
 -25.26861639677924 2.3739784062262936 13.012599467066092
 -23.815062783836126 2.0415188560108377 13.33714305700515
 -23.117143008308084 3.2850948998618072 13.880376533594022
 -23.354796113147085 4.4574493645145674 12.932862939512598
 -24.832756855374665 4.8368171227850691 12.952564422169756
 -25.112774641263929 5.8522594535794301 11.848416373936837
 -24.625140972478157 5.2993923935517238 10.512292345636013
 -24.905158758367421 6.3148347243460847 9.4081442974030942
 -23.968928911385472 7.5095738181127114 9.5654598129946233
 -24.408234799065241 8.6282674386765823 8.6251349115060147
 -24.102292178750034 8.2316465292881329 7.1836887740071091
 -24.559994389078039 6.7960604650161089 6.9422817759130346
 -24.532967846952268 6.4975863579939315 5.446000126804817
 -25.673548444584608 7.2416755089913698 4.7574631011681845
 -27.006642724018789 6.7843896872318386 5.3426342892469734
 -27.229274649486747 5.3112298762123942 5.0126173245927905
 -28.562368928920929 4.8539440544528629 5.5977885126715794
 -28.716832723257479 3.3489589350021869 5.3981971138810341
 -28.604589225303684 3.0179346255424759 3.9127677807541472
 -29.813378956019882 3.5828409486171457 3.1722380831286614
 -29.607268638056699 3.4282122844201504 1.6681488194751581
 -28.352489073246474 4.1867667405755808 1.2453020614393813
 -27.115108214233551 3.4184398803148288 1.7005365565627903
 -25.873238417629381 4.0214979377799285 1.0503393652364204
 -25.68686101423474 5.4547049338729305 1.5400915166905207
 -24.367391229359299 6.0071181453095583 1.0085699925440459
 -24.404970695962252 6.036456860382323 -0.51668507579294731
 -25.611643623197899 6.8470287816651831 -0.98100135496517105
 -25.397290418139921 8.3193558634770817 -0.64191188646960984
 -25.379635340966939 8.4956709192971935 0.87376528870363113
 -24.293690824918801 7.6094286724655555 1.4770688507648511


