 0 0 0
 -1.526 0 0
 -2.0353892671907348 1.4384709154066642 0
 -1.5688411263374773 2.144069218744316 -1.2700944321558911
 -2.2924675238987517 1.5527019995195899 -2.4764632185470621
 -2.0390713750667788 0.049054723292861979 -2.5357191081536334
 -3.0368729657518645 -0.59838426705646319 -3.4916954359995471
 -2.9341214510892257 -2.1170738347977034 -3.3835283288529725
 -1.5597869590392348 -2.5704108956426928 -3.8676421721028014
 -0.50546499139327405 -2.197626882803041 -2.8293198385712941
 -0.2705583705523803 -0.69013667258724309 -2.8604348765536005
 -1.6093514666020776 0.036076151375298626 -2.7659680554891901
 -2.1282698686149115 -0.036613242689462408 -1.3327493199003257
 -3.4903134808730529 0.64638108731023192 -1.2488926356404431
 -4.0204869696809613 0.55190949500867359 0.17892639701504587
 -3.8150412419960729 -0.86541853570808747 0.70585078088864539
 -2.3218210899835205 -1.1410184944474608 0.85755523160273661
 -1.6413215984404332 -1.0235780539054544 -0.50325488922047956
 -2.0681086390647039 0.27816506698362953 -1.1755596334943261
 -1.4669799672909545 0.3489161326855611 -2.5763860348280407
 -1.8597541017035006 -0.89843803637749631 -3.3628414094409189
 -1.2178377302662091 -0.85137893908252016 -4.7464615933940735
 -1.8549224263724025 -1.9118303061047921 -5.6399054854028963
 -1.7475613291156313 -3.2768854299187811 -4.966277914897506
 -2.5544757871939083 -4.3010594531815993 -5.7591414765636282
 -2.2511721782336052 -5.7027371453859415 -5.2376219966126278
 -2.8311397548411357 -5.8609414048216086 -3.8350226160408281
 -4.282243412625359 -5.3887985474056217 -3.8275864506101076
 -4.340067329862805 -3.9140263126977097 -4.2153740862174649
 -5.7915011317946341 -3.5056599438290128 -4.4504332859666107
 -6.2982399797708597 -4.1454256114930121 -5.739848514056523
 -6.2805017948533184 -5.6645219418016755 -5.5959468252596913
 -4.9328231379485299 -6.1071990193383918 -5.033385501716336
 -4.5789609487477101 -5.247786607413075 -3.8230682469096848
 -5.702132907238199 -5.3309436097467104 -2.7933859344348519
 -7.0060093474018004 -4.8473779109245383 -3.4216744379974391
 -6.80062207329172 -3.4563100430558311 -4.0144832221908198
 -8.0975723674284055 -2.9830630829287474 -4.6645857135483251
 -7.8471257930039853 -1.6732512539474984 -5.4064384523178619
 -9.159347004107115 -1.1614717708044875 -5.9936634975644898
 -10.119659436937752 -0.80648570596393221 -4.8620889639521803
 -11.449288292745234 -0.34180159023275408 -5.4493127529723591
 -12.298271559600739 0.29064102976526901 -4.3502587301830404
 -11.527058759552668 1.440774377797257 -3.7090878490704156
 -12.463066539162629 2.2426982792447854 -2.8093748432753443
 -13.722616784027176 2.6140459301730603 -3.5867486933704602
 -14.566281874486558 3.5790848237790329 -2.7587359223530576
 -14.854743510058597 2.9611023672470567 -1.3936119103227222
 -15.800031288657093 3.8695471989845962 -0.61269257817524114
 -15.037850565456045 5.0976914288850956 -0.12338868922397972
 -14.66830087500732 5.9761182503962038 -1.3152256518741294
 -15.916058788269385 6.2562099582710013 -2.1478869425990355
 -16.6111948188436 4.9396214201899831 -2.4826353860475505
 -15.787692381766202 4.1773528041772181 -3.5167854202154967
 -16.495334031475334 2.8723003046217395 -3.8699953705296553
 -15.874585890734638 2.2818624846673652 -5.1328219328629352
 -16.026889241922575 3.2703264777683594 -6.2853923747708267
 -15.318914861102277 4.5756616908768937 -5.9338980540186901
 -13.865568720377704 4.2850719402144399 -5.5705544259599122
 -13.808541122461403 3.5966699565283315 -4.2098463154773897
 -14.784392096689883 2.423622193701009 -4.1911427804336512
 -14.647141411021725 1.6261587848119448 -5.4849319289298979
 -14.689022552840619 2.5780504888831626 -6.6769152147524498
 -16.109703006642352 3.1046859646169249 -6.8585690720865884
 -17.069378154376651 1.9312823216484394 -7.034135303148906
 -16.56758349362665 1.0262310004857018 -8.155634400118835
 -17.441826152375686 -0.22215723308101443 -8.2324627276782891
 -17.149662834529593 -1.1230606579889013 -7.0359303985311037
 -17.891841691030422 -2.4461329241799721 -7.2012371539863373
 -17.197363871800249 -3.2901701734459632 -8.2661210351906682
 -17.455689999104159 -2.6860154162829977 -9.6434157172937791
 -16.53223335109811 -3.339402263415995 -10.667617575936413
 -15.102397539977476 -2.8540301767620901 -10.447028612626315
 -14.551652414434283 -3.4601313239612885 -9.1593962093161885
 -15.435701007280805 -3.0507177256839819 -7.984868818817481
 -15.08928696714402 -3.9009413665533041 -6.7659376996384637
 -16.085489957499274 -3.6152474018100529 -5.6458329900168485
 -15.653707674662947 -4.3505345505500035 -4.3802924457724099
 -16.428151108819939 -3.8040757732434267 -3.1843425421411111
 -15.76782842248009 -4.2748614256767787 -1.8916667052168601
 -14.279388247254264 -3.9404390110873204 -1.9288620462404711
 -13.562293624923516 -4.9115083099445371 -2.8623906850305545
 -14.226331987511198 -4.8818369536810824 -4.2360167854047948
 -13.557221054583795 -5.906604428105231 -5.1475090688605381
 -13.967453455551615 -5.6463113760670538 -6.594102620711511
 -13.224493395235744 -4.4223401947735557 -7.1219102524661348
 -13.310303864530027 -3.2937818500614604 -6.0983534020957322
 -12.907004921475192 -3.8206755818202218 -4.7241594718354643
 -13.733612072108901 -5.0593406627067665 -4.3908346514071956
 -13.268038997848745 -6.2294925222849962 -5.2526132413301232
 -11.743412425555318 -6.2936266627529642 -5.243859551638165
 -11.175623488784884 -4.9927000184858956 -5.8041109144362499
 -11.757828862805361 -3.8100141505747169 -5.0353671077588569
 -11.133040160241155 -3.7492785644655036 -3.6444586759316255
 -9.6194190312416836 -3.6030325496847997 -3.7718917211244607
 -9.2970118053709516 -2.4814399832088569 -4.7551311098453519
 -9.9751439831572615 -2.7656745843135164 -6.0923010470581414
 -11.44148533584119 -3.115656277057071 -5.855590565343844
 -11.536824898955652 -4.4814774661543497 -5.1817071576849045
 -10.513768314249766 -4.5648867544239105 -4.0525153603713235
 -9.1104812793757297 -4.3760921932466559 -4.6215655439441869
 -8.0938683979670181 -4.3849895508913193 -3.4835430984797746
 -8.5178727386916364 -3.3826281580000668 -2.4138852293048796
 -8.3237771979524329 -1.9634498453914082 -2.9401321657200787
 -9.0780599382714531 -0.98173254846786551 -2.0479636297483439
 -8.7600069629309605 -1.275392515920164 -0.58465158907043224
 -7.2631661707411093 -1.101644427634723 -0.34391263365689317
 -6.7856676657229436 0.18448062806846055 -1.0121592339459513
 -5.2760589954156103 0.32033148954179091 -0.83523493948680227
 -4.5643367741438094 -0.66500165236380315 -1.757864919061698
 -4.9715298203018516 -2.0896872272414706 -1.3929802305695538
 -4.3586412045580758 -3.066455817188499 -2.3924634302205328
 -2.854122785925882 -2.8272897912248922 -2.4813450369861956
 -2.5922066713276855 -1.4401795957897339 -3.0610011890570634
 -2.9522457028002691 -0.37895921536875132 -2.0252120213229081
 -2.2879961472747872 -0.7200514284308932 -0.69438347106838694
 -0.78288189108729234 -0.49329166783005074 -0.80341138856386018
 -0.12168301781024382 -0.8105838627490265 0.53480298627323608
 -0.64807593546985653 -2.1432437796510833 1.0597830260084504
 -0.24666501381499362 -2.308795038838205 2.5227040944730925
 -0.99382992520831159 -3.4953471414145847 3.1247960335107869
 -0.37603161621875958 -4.7959470787499709 2.6193842683006512
 -1.253211108460365 -5.9726561887985214 3.0372213283126741
 -1.176044421518881 -6.1534218726869074 4.5505108148137925
 -1.8914865191593777 -4.9946739120656956 5.2390758216794726
 -3.2855664474940474 -4.8291279981190458 4.6409021815130442
 -4.1166723132271157 -6.0750439629254567 4.9335324065148045
 -3.5374528566907175 -7.2640929130192067 4.1723862868698207
 -4.187652045316562 -8.5523151854622075 4.6687736274538301
 -3.9966047378305927 -8.6705516012942887 6.1781433887361752
 -2.5272809937755794 -8.4475953842968767 6.5246318596242334
 -2.384206270467037 -8.2437280943800424 8.0301695548189205
 -0.909687260092372 -8.0703235510674816 8.3828741796854853
 -0.77765725917953055 -7.7186501441016659 9.8619177536521185
 0.69944342295317519 -7.6185210345863394 10.231814680201591
 0.83272602821821418 -7.0986459541369165 11.660324969930526
 2.3100806834480134 -6.9513428783056268 12.013030266915791
 2.9508080551318367 -5.9110777621610504 11.09870378074806
 4.4640266162149143 -5.9229523236744166 11.295438579862273
 5.0207422832182562 -7.2824340153752498 10.88245771342504
 4.3163475236044562 -8.3823736703063023 11.671531080190611
 4.3822250483116392 -8.061985377345426 13.162063700924572
 5.8117935700361825 -7.6840878362120533 13.539162216036521
 6.2173900143021186 -6.416482577184488 12.792607173401038
 6.4507559034731941 -6.7447896784976695 11.320727148059738
 6.8321611372308482 -5.4725590923341381 10.569304907709984
 5.7488290582121904 -4.4170966593312686 10.771954011060478
 4.4246512177262973 -4.933021137272978 10.216030473308503
 4.0296301299179946 -6.2131543602791179 10.946710479564755
 5.1939914275716434 -7.1989525685197915 10.912936804079688
 6.4357096938874552 -6.541231818460516 11.508096582659439
 7.549400016795623 -7.5767375516571001 11.634973456744852
 7.713223938613134 -8.3137092542022391 10.308809653782328
 8.906656454589136 -9.2606700684028223 10.396331343549701
 8.6730056820180152 -10.272670366251477 11.514337923866261
 8.4110894657040305 -9.5338689941010895 12.823631026322868
 8.2020611916111896 -10.545827342511279 13.946539518459545
 7.9648152578954727 -9.8069563052022204 15.260487750758355
 7.9787459071215627 -10.804264624798986 16.415415476927915
 7.0526899879010436 -11.972835692118757 16.09054920428677
 5.6371014206835106 -11.451944699898378 15.859340245579151
 5.2816494194454995 -10.442694184581152 16.947339911088189
 3.9516505644627644 -9.7756340762034721 16.608503877650552
 2.8837651454454853 -10.845546764066086 16.399737088623016
 1.5723097842238289 -10.182777291223772 15.98803639468229
 0.93122352480620363 -9.5223797499262552 17.205229680662001
 1.9421804338431019 -8.5945762017312681 17.872929241862494
 1.3837083696606984 -8.1085221518906945 19.207296662838214
 0.90896614169931589 -9.3049550972899411 20.026957583068967
 -0.35531864308379657 -9.8837220414654254 19.398237607805203
 -0.9960303949366176 -10.876375244522812 20.364055431981985
 -1.1969211950451415 -10.208962981978456 21.721582506569138
 -1.8275122313122387 -8.8333822428241895 21.524583585132067
 -1.0117264280408667 -8.0399167762348895 20.50793119787717
 -1.4533451064128202 -6.5793655505430886 20.528884957519914
 -1.2534408504573311 -6.006795669441531 21.929198500875902
 -1.5046790133900618 -4.5018170955241654 21.904808389440817
 -0.95464021667028143 -3.872796563086836 23.181705602169895
 -1.0935915661202555 -2.3551896659518365 23.102725679060995
 -2.5598712087652782 -1.9683626677375949 23.273209939382358
 -2.7286162928619473 -0.47699055507040922 22.997510251040495
 -1.9551912443120218 -0.10131939269277512 21.736811685945192
 -0.46197247519168183 -0.059827104580678178 22.048664371638193
 -0.16949891458950256 1.1088198703458054 22.985360407897467
 -0.7496771214771365 0.81302119447500298 24.365422867210704
 -2.2467700396161323 0.54451803126010945 24.241750534809153
 -2.9477101572978204 1.7967355354962373 23.722799406561993
 -4.3606419285480698 1.4391997546664828 23.270618054427622
 -4.2889744095708009 0.51277213597930971 22.060134004942778
 -3.469111853460694 1.1773124322583779 20.957914614934644
 -1.9923546885481531 1.1624305320611832 21.342157773528225
 -1.1873830225698141 1.9353803453994898 20.301367111083415
 -1.4795082286271721 1.3749759286272918 18.912379798813021
 -0.96401515190910025 2.3448652299598733 17.853013180962382
 -1.7972830058388651 3.6229061810192542 17.883867856823471
 -3.2202864379190999 3.3143677104392846 17.427204693802825
 -3.7441934815652536 2.0954274537931825 18.181115869171286
 -3.424107030309214 2.2387099155427892 19.666272695865779
 -4.2828201003776298 3.3475339882216542 20.267768364296987
 -3.8928737873162667 3.558467560711446 21.727948113823228
 -3.9725594205994925 2.2294176076984709 22.473570285063079
 -3.213759834471392 1.1606498021967699 21.692139183804063
 -3.2087319423971179 -0.14301531720548133 22.485302456248757
 -4.6323487681231992 -0.68313414169030151 22.586607880322234
 -4.6460731187782747 -1.9180046952746324 23.483035433496163
 -6.0862526880201564 -2.2669271728768194 23.847469121513878
 -6.1288815597476187 -3.6525727028410744 24.485313338063104
 -7.5617336083397122 -3.9809111439528873 24.894953271338267
 -7.5964361696264096 -5.3452770566912644 25.577578635940029
 -8.9435125178920334 -5.5347844467956744 26.269061290125325
 -10.068952289428974 -5.2837068251444199 25.269550735629377
 -10.043484850533515 -3.8225398853210404 24.830211932968769
 -8.6108390296754713 -3.4154648420141038 24.497808772492498
 -8.063214062360494 -4.3269561466586701 23.40329221403822
 -9.0812496645648473 -4.4322183539531723 22.271391432008329
 -10.384932737080378 -5.0133114263047753 22.811222227444652
 -10.194657364158424 -6.4968770488626388 23.113719047302119
 -9.0270157717703832 -6.6740350623428624 24.080106210909559
 -7.8017556727786372 -5.9436448657127281 23.537940322564207
 -8.066376100938335 -4.4407806587406666 23.530784597388713
 -9.3936709296607326 -4.1605839561797175 22.831889579864104
 -10.492769446858972 -5.0070290053486932 23.467648361344889
 -11.765857315107031 -4.8990105667556874 22.633229224074228
 -12.772843424432573 -5.9451190119557094 23.102603378141719
 -13.98447981354713 -5.938092370683016 22.174937550978818
 -13.524175053854027 -6.1411075011264167 20.734250081395324
 -12.553609895985096 -7.3169535720270416 20.670490439940956
 -12.344611212390021 -7.7266226677770504 19.215441718336464
 -11.959424038926437 -6.5012673474687297 18.391541736305154
 -13.051881311951322 -5.4426143511148064 18.511820329271089
 -14.358535507484927 -5.9925732202834592 17.947129214131905
 -15.497415103822185 -5.0285655506478255 18.267001810536051
 -15.804239474588869 -5.0804089419102558 19.760938579039326
 -17.065889713056318 -4.2721715124404405 20.05019094874271
 -16.817145267395656 -2.8035139562973499 19.718758929262478
 -18.013452990671144 -1.9699984541332263 20.169065201574419
 -18.144654553881793 -2.0460558939764169 21.687510925219339
 -16.993807099377893 -1.2829916480927355 22.337094709742807
 -17.066695061887994 0.18743313770139491 21.935579710965204
 -16.789221822997426 0.32172925725745638 20.441039930975482
 -15.556334218237385 -0.50009347691553063 20.075976172673652
 -15.773739973777321 -1.953976355327137 20.485409089425175
 -15.709225532319898 -2.070170916874821 22.005610625640077
 -16.693769154633792 -1.0879643740510776 22.633798625362488
 -16.720199329766405 -1.2902663875074034 24.146098642288344
 -17.05942271109366 -2.7446770786830941 24.459615849080446
 -17.183708780938101 -2.9245971260310015 25.969866738636522
 -17.785059279726724 -4.2942030173927463 26.271915211491205
 -16.856318952964472 -5.3853145241069074 25.746945607264951
 -16.880288960987897 -5.3840180877418193 24.221134426951977
 -16.728930722646759 -3.9539694939378509 23.710519402647439
 -17.836661182208228 -3.0836760084146229 24.29720371129693
 -17.594379698551087 -2.8892885178067607 25.791254977543186
 -16.293786565730631 -2.1189700521547721 26.00040316504623
 -16.384452709345105 -0.76649146535937618 25.299505652807834
 -16.662717770126864 -0.98004859340793704 23.81436663271317
 -18.122337938051626 -1.3816115764868604 23.622189277106393
 -19.021314288132302 -0.41784607181888989 24.391392484332993
 -18.72270187885794 1.0141430270598479 23.956750275476345
 -18.914700353674355 1.1390829244056153 22.448041354670426
 -17.982553662950146 0.16480443543395584 21.733506559927037
 -18.384765726155177 -1.2673801842717056 22.073725123927986
 -19.829277812757756 -1.5065932445483101 21.643797288760112
 -19.897981009769605 -1.6074048606172748 20.122681616371626
 -19.656695586449249 -0.23099236468527873 19.509537273222858
 -19.601722246372791 -0.35304001402095775 17.989419414906457
 -18.716668209904164 -1.535225694334009 17.604981682896025
 -18.438441482024366 -1.4966985231738539 16.105054503005061
 -17.637050338101247 -2.7317671446978489 15.703739496347721
 -17.230929168492676 -2.6210208560410821 14.236948149514614
 -16.767019999507745 -3.9844706383197939 13.732498970572065
 -17.971031963973914 -4.910869168391037 13.588218157904121
 -18.425744307539123 -5.3740724887610698 14.969288528525245
 -18.744330937535292 -4.1584280584328255 15.834960047173958
 -17.446777180261233 -3.4552111990707775 16.222924344104637
 -16.566694039112051 -3.2918783441559949 14.9870230360827
 -17.29399954643015 -2.4370316860803545 13.95312754320074
 -16.403935783327004 -2.2529936347341093 12.727324747777551
 -15.269882396550049 -1.2881451817750402 13.061489944592205
 -14.351675179136148 -1.1426172701764974 11.851368821383975
 -13.749308040626385 -2.5006668336803615 11.502755549246368
 -12.755405355515915 -2.3379089094495518 10.356307421056419
 -12.09806625610109 -3.6822217150583438 10.057301753791247
 -11.261721414785905 -4.1183187834871857 11.256894456883927
 -10.423594553927492 -2.9415858317318389 11.74834020705452
 -11.345451942914513 -1.8353295146823785 12.253366855220893
 -12.321423687085474 -1.44149547435181 11.148355586836379
 -13.367106522642999 -0.48258142135279458 11.710233906743227
 -12.730164786876133 0.88372106711406495 11.947296631032646
 -11.979995228526374 1.3206840844504806 10.692312585235435
 -10.874840928795368 0.31479244076259572 10.38329482693517
 -11.452494536531342 -1.0975587677152949 10.399306490827968
 -11.741211731045523 -1.5135317963858115 11.838849759024686
 -12.225058555605816 -2.9605816412867219 11.863648886733774
 -12.537462086024254 -3.3686808964255279 13.300497880935044
 -13.456592939990809 -2.3298727191042099 13.936699141557053
 -13.768996470409247 -2.737971974243016 15.373548135758323
 -14.437851308665364 -4.1095670835018048 15.379553266790646
 -13.396658897735064 -5.1853285995284715 15.084034191167568
 -14.06551373599118 -6.5569237087872603 15.090039322199891


