 0 0 0
 -1.526 0 0
 -2.0353892671907348 1.4384709154066642 0
 -1.7416604549491301 2.082870684790644 -1.3517205044227929
 -2.4433718144894132 1.2955304022783727 -2.4546132677618329
 -2.1700231912245842 1.9543448460014052 -3.8036573956172317
 -0.66912587733341011 1.9472389946416098 -4.0792163911711983
 -0.39126747901977743 2.6502344948749466 -5.4048362601903168
 -0.95380664057117648 4.0679669307744746 -5.357292260364467
 -0.65414306713679693 4.7793048529194682 -6.6736797805404153
 -1.2597338605325619 6.1797085028939014 -6.6453000678467804
 -2.7765088778879261 6.0816208570307575 -6.7811248095386416
 -3.1283113535377653 5.471404410047068 -8.134840771606477
 -2.4699027811965282 6.2836820598240806 -9.2463168944000831
 -3.0691301002228562 5.8850842050724665 -10.591947739141659
 -2.6387624227451574 6.8881584039388661 -11.658391274332802
 -3.2352474150295309 8.2564299348707824 -11.341035525021812
 -2.7646115585522564 9.2705957123172897 -12.379614201124024
 -1.2477328446238793 9.4161465067565047 -12.298559075011569
 -0.78505172350965924 10.48432741646517 -13.285266592109952
 0.74013159520539973 10.525942771327468 -13.312834808465091
 1.2029526184273454 11.576897781495374 -14.317805587675494
 0.77053530596400677 12.961135207959796 -13.842855048085175
 -0.73951501943252151 13.107387549062036 -14.00727605493026
 -1.1405117027260139 12.693539375546262 -15.420289625022662
 -1.0920621966919337 11.172919430609209 -15.538795441017854
 0.36109287127159662 10.714476073113397 -15.621536219476083
 0.41144330596174394 9.1908425382116157 -15.689959059589688
 -0.36580841665923536 8.6022581103562263 -14.51602374153811
 0.076014773310413175 9.2794108971613571 -13.221831958174034
 0.036463807758978145 10.794412442256286 -13.400387382297545
 -1.4101890397155925 11.249856485323555 -13.569035722130034
 -2.2408873033964207 10.755196897535896 -12.388388320520479
 -2.191318708645102 9.230982026832331 -12.33372588057774
 -2.7340494213522497 8.6565302576810517 -13.639147091682934
 -2.8945145426112711 7.1451280272497328 -13.502801051379009
 -1.5315180800036838 6.509425590623156 -13.24434591990309
 -0.8866987286069673 7.1644349735049433 -12.026213450751587
 0.41803411522786649 6.4466752906267013 -11.692792929707682
 0.13198009742352235 4.9743484582042221 -11.411540734290867
 -0.576333507589461 4.8409456413984833 -10.066486264976779
 -1.9022496254791808 5.5949675005820678 -10.112021791695836
 -2.6999196612243255 5.2997199190006983 -8.845046109354346
 -2.0661223884271487 6.0274090561027611 -7.6629101033302884
 -2.7873609960010786 5.6344907997043352 -6.3767895356020396
 -2.6919380119401595 4.1242076913240773 -6.180281554455795
 -3.319910209494819 3.4142335020995791 -7.3762178277301622
 -3.2916359527228454 1.9060137200071956 -7.1456757376268758
 -1.8569159074380885 1.457762487936699 -6.8823789001878684
 -1.0074207539362683 1.7132694374261843 -8.124051233349677
 -1.2744315159164306 3.1234120666420417 -8.6425866885067553
 -1.0091730853629122 4.1338966360224836 -7.5302760753845472
 0.48394284142412336 4.1661941049169009 -7.2168471317978051
 1.2741875809373155 4.3013741301318289 -8.5152752632146385
 0.93064952601679074 5.628918351274641 -9.1848153633817162
 1.4475705585905221 6.7806229416046166 -8.3274676027292696
 1.1702207612376605 8.1051061033316394 -9.0328025899586777
 1.6860641548560031 8.0360883779761547 -10.467312313469487
 0.75465912701137883 7.1618083807875861 -11.302054884937904
 1.2283323632868461 7.1530765349503911 -12.752652492858376
 2.6067390009058853 6.5034839122791466 -12.834509477525916
 3.6593551909711728 7.4738905029673299 -12.306318030073982
 5.0406209749573661 6.8337582186314938 -12.411253689122676
 5.4236650116162615 6.6869053301755574 -13.881079357401807
 6.8976221248224583 6.306463484532741 -13.987805317283819
 7.7564585380395386 7.429576167389162 -13.413615525542911
 9.2254076015606614 7.0179999867109961 -13.451952143531219
 10.092180982265251 8.1781032365278161 -12.970765738625197
 11.525733810388356 7.6944484993441904 -12.771566380744513
 11.568683197070168 6.6858872134439506 -11.62717331769017
 10.579723862808544 5.5574841282109251 -11.905277457201592
 9.2143398013588254 6.1487658647738268 -12.244081637733977
 8.1807055065273104 5.0291925216663058 -12.326735578663616
 8.1206734918170156 4.2917768366588529 -10.99208571270071
 7.628979458693542 5.2439575111633863 -9.9056857214954199
 6.2171378985615355 5.7152505089638996 -10.242230398036615
 6.2371040594555236 6.4826276447937117 -11.561097216113701
 7.1784314271142815 7.67767271732769 -11.440905446391794
 6.9276607344069534 8.3924268252721799 -10.11617278473679
 7.1811189610033743 7.4279906385377448 -8.9610547089160857
 7.0273087351600676 8.1688092531486003 -7.6358354083201156
 5.6655509395080941 8.8560697557488304 -7.5915103866422218
 4.5851128224241293 7.8750818164872545 -8.0375957351747367
 5.0332950137194565 7.1696678646990151 -9.3143885453159143
 5.1457451952908997 8.1873008495679294 -10.44596004759552
 5.4970447077327638 7.467813011915073 -11.745037375558606
 4.3276451886579759 6.5845086723731043 -12.170424503400966
 4.0599868323754054 5.5391846434026633 -11.091382021026384
 5.3798118584316157 4.9129661365065402 -10.650260402630161
 5.0991693409004197 3.6479905787868745 -9.8441880636148831
 4.0701836491422094 3.9530420835109208 -8.7593802347242278
 4.6611798995026632 4.9443060302532675 -7.7609839106381173
 4.7109382924175778 6.3333149575444336 -8.3909476415305857
 3.2899077202340727 6.8453718747614953 -8.6080785385719043
 3.3382282892609125 8.201639072199459 -9.3058467033391707
 4.3996880374866647 9.0767396481825351 -8.6454088297957181
 5.7202666383116014 8.3147515183371699 -8.5812040868400423
 5.6206388346180356 7.2102863784257938 -7.5329164090283989
 5.5224746384371555 7.8339477220287765 -6.1436409435128416
 5.4729311283634674 6.7294701888606854 -5.091808818439409
 5.0539657120974368 7.322623509678893 -3.7496787509812108
 4.8114506669030979 6.1966952236278461 -2.7486053533102286
 4.1808643402162877 6.7682897379003437 -1.4819891541996986
 3.9383492950219483 5.6423614518492968 -0.48091575652871632
 2.9401337338708231 4.647160725203582 -1.0655671117478536
 1.6667470387751466 5.3827418244611298 -1.4730996517595145
 1.013972886583105 5.9944022823664076 -0.23680139063275485
 1.9993052158953013 6.9396989916134038 0.4445284357354945
 1.4138986871885593 7.4163482871510631 1.7707187106247946
 0.22706721583376499 8.3371649137232335 1.5020110649761305
 -0.81865294026111046 7.5927160659268269 0.67681940957024955
 -0.243579036959506 7.2648081682489529 -0.69811419478376258
 -1.3648436111497677 6.7947847095046141 -1.6203504459124662
 -2.1460568757250469 5.6732034154047897 -0.94179518952063523
 -3.0407302141783861 6.2611969218334753 0.14563262594963244
 -3.7860148912436271 7.4724362666240252 -0.4076539180428137
 -4.6819021199726354 7.0351876760158998 -1.5630221465359853
 -3.8201149183844834 6.697561976330193 -2.776285393358612
 -2.7466747919480561 5.6902290197254786 -2.374187632243062
 -2.0136470864680835 6.1945664071765032 -1.1344335507342231
 -3.0148509843158595 6.4101668952325781 -0.0031585247196006527
 -2.2785176134460055 6.8907587112615216 1.2440466201180171
 -1.524622901353881 8.1788149014642837 0.9258799751662532
 -0.44918560355664305 7.8947946664240654 -0.11884157845186571
 0.5062754457050328 9.0817445762099496 -0.20202868684638267
 -0.27792449537925856 10.343434766472695 -0.55109073892041938
 0.63747625825868048 11.559298613826755 -0.43976884109048142
 1.7676030300777952 11.441028120151838 -1.4583470511183514
 2.6306123590575523 10.227967446886893 -1.123123691144897
 3.8434784098872865 10.19428980880363 -2.0485953327621855
 4.5562836141943031 8.85260437511565 -1.9055396172443726
 4.7045728951580417 8.5097786490438274 -0.42595967324183071
 3.3673821368504333 8.7132571773125438 0.28057650023430558
 2.2487938708538824 8.1063002511855267 -0.56146838039929481
 2.5542433577057682 6.6355375254004345 -0.83023150179638749
 2.729980556152189 5.9011878602193049 0.49586163457471444
 3.252561861200653 4.4918797944949072 0.23235536235717713
 3.7322857928147744 3.8732759610911076 1.5422676673359468
 2.5359497473698043 3.6246403094244468 2.4563991562856304
 1.5609835183883476 2.6712281920934444 1.7714742064757445
 0.54054828492080742 2.1686378002160902 2.7887208984293697
 -0.39232585129434194 3.3106903475819869 3.1813248019197542
 -1.5824348174595724 2.7527047121465955 3.956546498791603
 -1.0892155340057357 1.7457838052933226 4.9916894965320342
 -0.27729003173790734 0.65673218207397932 4.296405712217723
 0.99735384548065242 1.2633273167288745 3.7167494961014569
 1.8212636956247996 0.16971928998272268 3.0430507187002966
 1.9351403304461818 -1.0311063000041918 3.9777838434339379
 2.2659803612238631 -0.54968262683787528 5.3875540803697488
 2.4778043884067373 -1.753989304637805 6.3004900076475101
 1.2228937995076365 -2.6222449856787469 6.2977539138948115
 -0.0034488807657848675 -1.7458080448141036 6.5356991160477609
 -1.2558953224829719 -2.6173403010094236 6.5577317518645026
 -2.4162494155399186 -1.8266424706188193 7.1552694659391545
 -2.4715145676334784 -0.44189234592799664 6.5164511387656097
 -3.7168908230789102 0.29396936480865887 7.0024773983899404
 -3.671411079049189 1.742640300216121 6.5250257110029999
 -4.9916800741822547 2.4309003332430832 6.8594863326433213
 -4.9462003301525339 3.8795712686505457 6.3820346452563808
 -4.6259999607473645 3.9144923964150133 4.890415311019785
 -4.7754756444077735 5.3414224973972484 4.3706042810242094
 -6.2080343073190916 5.8174482541353081 4.5938780059442585
 -6.4418140788660363 7.1106647279264577 3.818240094073893
 -5.3461584247211116 8.1157888256137181 4.1616643736299661
 -5.3519572347642486 9.2458526571141597 3.1361897954289257
 -6.6497056330089519 10.039120652809263 3.259684661148754
 -7.8388898703389032 9.0863330331862606 3.1777541931951574
 -7.7607471861851831 8.2843946415804286 1.8818126293189625
 -9.0233523019730946 7.4413622869763012 1.7275376453559281
 -8.9954151729279896 6.2935151177058524 2.7326955398274935
 -10.347381413391004 5.5858034661139682 2.7354346727867815
 -11.41757572498031 6.5339288232434694 3.2687436288431382
 -12.744051974874706 5.7891020084101488 3.388617622567085
 -13.187884463802975 5.3137198827429319 2.0081464869152632
 -12.11959317765815 4.3984543583151776 1.4167762579207714
 -12.111076653794472 3.071845137597494 2.1709058517758844
 -10.840637309088105 2.2991306065873403 1.8280179327880732
 -10.641976497441147 1.1719263847868906 2.8372852533087518
 -10.739440156599931 1.7328326266345901 4.2531104625064273
 -9.6766183793481968 2.8102976177315373 4.4484436720738127
 -10.02601924146993 4.0300837330398487 3.6006719631511661
 -11.176924412277401 4.7909049534778694 4.2527795910315636
 -11.509856751662033 6.0243086326685464 3.4181854252535167
 -11.821489408247082 5.6010257174583753 1.9855680091088941
 -13.01433967777008 4.6493006756502613 1.9836498604619601
 -12.830306750708965 3.5996835156528233 3.0759463857682543
 -12.707936475750177 4.2907129406429405 4.4310035246389026
 -14.050313630145073 4.9094076292769095 4.8103667511313386
 -14.540159054382084 5.8006218381165482 3.6726213075823995
 -13.706005182274437 7.077768621431602 3.6306759679627629
 -14.112071759605826 7.9118360893241526 2.4190170251171894
 -14.135777547032845 7.0267403272639406 1.1761495633074079
 -12.767722505575994 6.3776930848055438 0.98683743849332606
 -12.550665263132295 5.3223558062922471 2.0674971361238326
 -13.651697982038375 4.2694114673535921 1.9796838626664437
 -14.95551425858668 4.849442148666296 2.520334882959208
 -15.520904029274769 5.8523125204300337 1.518705498086887
 -15.579890255507719 5.2119775662880343 0.13480963075483721
 -16.027305385219726 6.2515321141256006 -0.88882216035707962
 -15.074978799357181 7.4433965820685994 -0.8540491260587374
 -13.707153186791668 7.0180171991800133 -1.3801493771735562
 -12.769130663427305 8.2216151583365757 -1.3920530898417269
 -11.36336194902098 7.7680787752998235 -1.7751915385235317
 -11.323531702762963 7.4352593455489977 -3.2639228032799776
 -11.424236560772888 8.7229121903056281 -4.0766248907408933
 -12.587879692332843 9.5629249070340592 -3.5579831086717717
 -12.735296214192724 10.814972345283964 -4.4178212221876558
 -14.072572827550378 11.485404292264656 -4.1163444173844734
 -15.208777280136225 10.508770195695796 -4.4060015998315789
 -16.546918209262042 11.230065364011169 -4.2726294364572075
 -16.477529956652411 12.570665674237045 -4.998337420857295
 -15.95530584657689 12.356024549904294 -6.4160423149029375
 -14.695141583960847 11.496637747191553 -6.370038461276204
 -13.523334591097134 12.337124235653938 -5.8709123908412462
 -13.237710013521909 13.456114840432203 -6.8683865143667227
 -11.93595796224457 14.156416044509788 -6.4893141986238012
 -11.979475441055326 14.549499653874987 -5.0154527719332362
 -13.260428174332429 15.329613570787345 -4.7339241379551753
 -13.169218940840404 16.709017697323269 -5.3801447902260771
 -11.870533771434184 17.386866572077885 -4.9528115083976996
 -10.687393730570339 16.491201471470461 -5.3086761895035464
 -9.3973794271088682 17.122433019068371 -4.792841109093211
 -8.1999133255579704 16.335063472197319 -5.3170549321621392
 -6.9225449371770971 16.856294378847238 -4.6648859798820368
 -6.8600329267396445 16.381528455763551 -3.2159672220389597
 -8.0844468079727001 16.889683263295989 -2.460146251818208
 -8.0731424708981852 16.333230722587224 -1.0392631525091796
 -6.819052104110165 16.813098366985827 -0.31423874203130187
 -5.5884386847042249 16.16404169201844 -0.94112951773171616
 -5.6348675057123065 14.656195761499092 -0.71108383879813675
 -4.316555250152561 14.031721636385218 -1.1591472984823734
 -4.2367563364682868 14.048757620043775 -2.6829641866403819
 -3.0326787624116327 13.229772723603862 -3.1391844569672442
 -3.0128926246219994 11.896425997228516 -2.3972471172845129
 -1.8986644773269956 11.017678068421407 -2.9584723068410121
 -2.0905462564984969 10.850763411427705 -4.4631306999996108
 -1.7054914234553629 12.145825450802906 -5.172512888752216
 -1.7540296586231179 11.933183242088047 -6.6828450809535305
 -0.7934767754454618 10.812628933507627 -7.070623626183818
 0.55821834230410394 11.046245172315887 -6.402028261544606
 1.5111613685549137 9.9125338717717035 -6.7698247755823724
 1.9871526045485359 10.093657912517685 -8.2083317881203968
 0.78351298994083729 10.321457935536008 -9.1182959784377147
 0.2271633247843502 11.723261612392285 -8.8857072821679743
 -0.36222973187178209 11.810766432518404 -7.4808461747199111
 -0.69133503552323439 13.265057829105722 -7.1561890741960434
 -1.4598015503590027 13.331720220595988 -5.8394919407834553
 -1.9608643744947749 14.755308319116301 -5.6136402814573048
 -3.1336714553162128 15.036859881947692 -6.5484815881197065
 -2.7137955606541246 14.761844337266151 -7.9895737722860023
 -3.7552410734815926 15.340833531440911 -8.942904122605535
 -5.1278052994086023 14.763146672604114 -8.6097054749002506
 -5.1269683284342431 13.260895127422327 -8.8778763056751373
 -6.4040883990545288 12.642512897769704 -8.3164105958863246
 -6.4231879337133604 12.802704528476678 -6.798962129141171
 -6.3777682240756066 14.285839800019378 -6.4426998433427007
 -7.4742203146015704 15.026203236490677 -7.2031804776244828
 -7.2281572457089922 14.899107215143962 -8.7038388556322701
 -7.3160997619946251 13.431320756198637 -9.1119381386089291
 -8.7781365166180869 12.994546054128293 -9.1307101326805054
 -8.8555567969551348 11.48203982963688 -9.3178117656697292
 -8.4759302128017548 10.787295533041457 -8.0132466967858011
 -8.359553842149932 9.2845185828303087 -8.2515615688940223
 -7.3197832043783357 9.0198616179829436 -9.3366927645500084
 -7.8591275529980882 9.490105665278243 -10.68452591802088
 -6.7392311142497707 9.4579264289025655 -11.72061108016976
 -5.6185843607429424 10.399400422419706 -11.288808378249703
 -4.9074768174390924 9.8194017792052772 -10.06954481538655
 -4.1111145824282858 8.5852657441401945 -10.483539305207847
 -5.0373152736152011 7.5904372084779386 -11.177185082443561
 -4.246201596401729 6.3457356920609653 -11.569018318342497
 -3.3599092317555659 5.9174575705185166 -10.40293954957173
 -2.3434594402606823 7.0160782392377374 -10.105385440823579
 -3.0766329472636569 8.2964081845001036 -9.7156575358778472
 -3.9823254171097351 8.0205985014425014 -8.5188592367498224
 -4.848605362057258 6.7977482872010171 -8.8067349226130798
 -5.7005372122673936 6.4772582625169699 -7.5819189092153492
 -4.8278572191883553 5.8322342597406998 -6.5090490822922451
 -4.1396645875440585 4.5984833995073648 -7.0860462370720292
 -3.1382149391094063 5.0268799087912424 -8.1548076849561948
 -1.9489837218932411 5.7158079419113301 -7.4916461079782977
 -2.4261982241538549 6.9722905067517988 -6.7690162697595646
 -3.2112538391231271 6.5756039750529078 -5.5220184842868409
 -4.4831880011663703 5.8397137783640032 -5.9335098035688949
 -5.4392857614351122 5.7719762660710892 -4.7460904579974086
 -5.8523620846732651 7.1847526518196574 -4.3434655270117277
 -4.6479030635875187 7.9225132210263576 -3.7658291283586149
 -5.1212351486851055 9.1728227571950978 -3.0300582394382656
 -3.9322070152008601 9.843133759854604 -2.3477304168364435
 -2.9071118994828913 10.255729221060083 -3.4001661579264919
 -2.4837181720894477 9.0312405034237067 -4.2064174413270639
 -3.7147929384430087 8.384497081449803 -4.8347914269287697
 -3.3377377740470591 7.0211649013296942 -5.4073565058946942
 -4.5198548876769324 6.4510641927940329 -6.1859837028191773
 -5.0257029648048768 7.4931795054870687 -7.1793564414810653
 -3.8516269748372061 8.0393369933671561 -7.9867804739534112
 -2.7953098409466861 8.5963625081094328 -7.0367316917451603
 -2.4663766076872413 7.5531996145553943 -5.9726404806314637
 -1.4468570233836002 8.1282329674330906 -4.9935631290909805
 -0.34168890496008841 8.8400741047879343 -5.768522241037898
 -0.94305808593778495 9.9871121816315842 -6.5755753733910272
 -2.0616144820320828 9.4523703939765351 -7.4652712817170013
 -2.9611177074054669 8.5264026536821671 -6.6515430153547124
 -4.161428348198438 8.1100623854962812 -7.49687794701555
 -4.7594099125330951 9.3403412024336436 -8.1732713837896203
 -6.0828818972068204 8.9655915012675571 -8.8340743553777337
 -6.7172245539945976 10.211162276048176 -9.4463151893571329
 -7.9483540952726015 9.8110704080793294 -10.254351419842976
 -8.9682601099723467 9.1471331722652565 -9.3336695702994934
 -9.5793812031852639 10.196549158360709 -8.4095845647088225
 -10.437551703802622 11.157574567188254 -9.2272945105074289
 -11.297761154773646 11.997750076474263 -8.2877090625272682
 -12.147737670397531 11.077815181701824 -7.4159661461420203
 -12.84297211729791 10.042174108329755 -8.2950410183729524
 -13.76967970064309 9.1854981387504235 -7.4371393118145592
 -14.755051097373123 10.085356600596594 -6.6968866798367284
 -13.987075819757727 11.054698544105497 -5.8028698066593281
 -13.464363171663974 10.311656477869008 -4.5767637854173717
 -12.477492552751112 9.2340084244214022 -5.0165785810155716
 -13.109042506866921 8.3822102884576886 -6.1139666577801304
 -12.300017874135456 7.100802900464255 -6.2932715646553277
 -10.821181965206275 7.4481621313273223 -6.4383988163890358
 -10.356701000939209 8.2224900285946667 -5.208216008288133
 -8.9308332273237561 8.7198580834784742 -5.4277657979622909
 -8.4216536886248861 9.385864763912096 -4.1526786248685656
 -9.1079380414207538 10.737181311256593 -3.9748208840180137
 -10.571594964631197 10.519973905690355 -3.6017185467092272
 -11.288129038303746 11.866116166746103 -3.545540844140505
 -11.271793521759275 12.509993093877789 -4.9289538893322273
 -9.8312344786654364 12.630387630513011 -5.4178002853595562
 -9.2991817851951524 11.246965517333773 -5.7807592198654607
 -7.9971259612299859 11.391174319354255 -6.5634024672637636
 -7.5041352555958278 10.01164105163561 -6.9906308926006151
 -7.4978142521760409 9.0768858172657261 -5.7844515126020095
 -6.9813007513268523 7.7043466863019852 -6.2063829494655911
 -5.4846605264382315 7.7890188595942584 -6.4919957298436017
 -4.953500356835697 6.4018016192098148 -6.8415285640779979
 -3.5534431305002041 6.5271870515477719 -7.4354934252803613
 -3.5681889213271099 7.5569351324911418 -8.5615828761883641
 -2.2957945695341269 7.4208758536486341 -9.3929531223279064
 -2.238996318981632 8.5437202639056888 -10.424781784988822
 -3.2419971049436231 8.2620733520675014 -11.539833550787877
 -3.0875929331985366 6.8189800961483584 -12.011338806822582
 -4.2006355787303047 6.4843238596987929 -13.000185242136482
 -5.5534588696235003 6.6056636092048988 -12.304612234604813
 -5.5564465770361453 5.7470267732159526 -11.043101292326762
 -4.4557165291743193 6.2237683160394761 -10.099816148226473
 -4.618795327427998 7.7188006489541383 -9.841050561063442
 -3.7756890225447819 8.1219028060405485 -8.6346690253880976
 -4.3886122862748183 7.5356597346600838 -7.3660792043518164
 -3.7878884390749978 8.2251718988271225 -6.1444492133680155
 -3.8404893501763606 9.7381577007106763 -6.3362384399946299
 -5.2942652134334081 10.186082504662158 -6.4569658578259119
 -6.0324696758884455 9.8756922513110119 -5.1579708377292119
 -7.5241436989674382 10.137892784901002 -5.344613515207894
 -8.1139581757796879 9.0834698706559536 -6.2768083450892984
 -9.5683162103512274 9.4300143342770806 -6.58246442962011
 -9.635383209281482 10.797836079609727 -7.2556967005709243
 -9.1155585143374136 11.864106573481777 -6.2957354928004694
 -8.9714699589097702 13.19019453302905 -7.0369542268719112
 -8.2341993629029151 12.960574468546763 -8.3531543234570726
 -7.0142351018767126 12.077708418437584 -8.1063533117424527
 -6.0803938530820378 12.764988485890338 -7.1142532003969858
 -4.7463870142143021 12.025077836860492 -7.0738306162849645
 -3.9270203135910271 12.516767458598144 -5.8840594089576239
 -4.5705535753887307 12.033136168085269 -4.5876637456677463
 -5.9630329445827055 12.64245212831031 -4.4519756217064499
 -6.6641900946397499 12.044912208075406 -3.235422830147658
 -6.6752257346239441 10.523275770385123 -3.3502129261634437
 -5.241356739280377 10.001190628176893 -3.3391310275088215
 -5.2546305365267587 8.4776665929002188 -3.2532571651239928
 -5.7446439987716156 7.8971218989827694 -4.5767112312641993
 -5.6404829157592262 6.3752512561150816 -4.5350433159920929
 -4.194861696796055 5.9709397028748503 -4.2604755480369754
 -4.0714479070349379 4.4510013216709403 -4.3173293415777927
 -4.6724521133470258 3.8434903371943285 -3.0530507537122165
 -4.416819370193247 2.3391146356895858 -3.0395730183781962
 -5.203508412229338 1.6989389904297907 -1.899410093899206
 -4.6927156053238654 0.28078951911205974 -1.6614630716131236
 -4.8975769242861036 -0.55281787945944061 -2.9231312312493447
 -6.3547272568032085 -0.45684494602120068 -3.3660512065185753
 -6.6325435311620193 -1.5096538318504298 -4.4352039400512311
 -8.1385897724312564 -1.6366647019039746 -4.6458433429344304
 -8.8380804029148319 -1.7086132305652699 -3.291512413253983
 -8.5415208842166397 -0.43996706710664513 -2.4969903155051849
 -8.9358438768584758 -0.64897907767295981 -1.0377098911477036
 -7.9284245536528832 -1.5776012970241386 -0.36581474980552886
 -8.1574415286685262 -1.5715199301465892 1.1428900729253861
 -9.6434066681413793 -1.7618710382651681 1.4333208906934005
 -9.8691596766400593 -1.7806793230833866 2.942412613411383
 -11.285906198057273 -2.2636012558174778 3.2395518079592254
 -11.384490572470796 -3.7594761261301328 2.9543930916475296
 -10.486792992282885 -4.5230812776533869 3.9237858021069476
 -9.0325133827997188 -4.120919363438273 3.6957230646940338
 -8.6822739390188559 -4.2912874852315825 2.220262785629691
 -9.7152034645018297 -3.5639793675038884 1.3642513971114898
 -9.5462297505106175 -3.9738125624392637 -0.095940589001642484
 -9.6482331511065436 -5.4918130891748183 -0.21403253240756501
 -8.3937382712290916 -6.1337351808447318 0.37150536097536924
 -8.340658953396872 -5.8706737387708632 1.8737228098530001


