 0 0 0
 -1.526 0 0
 -2.0353892671907348 1.4384709154066642 0
 -1.2466167127341246 2.258174868124077 1.0171525388236731
 0.24808409752997251 2.0626013065777786 0.77988376755373268
 0.59161117763674786 2.4537337454230017 -0.65457799928297877
 2.0388319908854058 2.0732239880484578 -0.95364361456273405
 2.9778032558823506 2.9840910038888468 -0.16793995352756963
 2.8141865038509324 2.7177502628365628 1.3257026302622767
 3.600322837717302 3.7585204674548365 2.1178282804933355
 3.2422752992387887 3.6498687732328321 3.5972446416074622
 4.0096799280773245 4.7070197476467808 4.3860398957341751
 3.427514724312887 6.0861097768286854 4.0896105332598029
 3.410738569097171 6.3185202743964943 2.5815057884769814
 2.5671926506681233 7.5502271966614787 2.2652711585797922
 2.5094541769384233 7.7537738125493982 0.75400975041377349
 1.5853707981031842 6.7094078190644844 0.13429563841315528
 0.29927635593787283 6.6186693770684313 0.95063112151775708
 -0.50208334233665253 5.398953239923399 0.50477107759213391
 -1.6837663327174774 5.1931771778694173 1.4481466775151899
 -2.260542700726599 3.7951022921338309 1.2446973344795602
 -2.5699531273304093 3.5819803957616436 -0.23432945540477701
 -1.2646719825007973 3.4781313057601011 -1.0179955191450329
 -0.63203073373107688 4.861489287651934 -1.139493438021203
 0.62045254008691586 4.7744316732644494 -2.0068933576565002
 1.4005113706719086 6.082251861862944 -1.9079460225707676
 0.48753842331070119 7.2488798382108062 -2.2741912439581302
 0.057334200667384261 7.1206493358274985 -3.7326689657894851
 -0.58355007698968842 5.7539488824876308 -3.9564394140005188
 0.49691939142655883 4.676407835365449 -3.9435158081902153
 1.3866786530567761 4.8618963778200461 -2.7177105802027857
 2.2160204743885998 3.6004976277882728 -2.4946829209129828
 2.8156285273518806 3.6265516083915696 -1.0916621181747266
 3.8589097099029943 4.7367652544297272 -1.0041062258235849
 4.5463945579431995 4.683528626456062 0.35721902743410872
 5.8190732747289076 5.5246339548611552 0.31840266014866725
 6.6606782589331779 5.1196802762651847 -0.8884070053554326
 7.8436451207157782 6.0735580726517107 -1.0276282447013241
 7.3298785343438828 7.4973472798753562 -1.2213914716594476
 6.228216519265831 7.5020740377756816 -2.2773244535735033
 5.5129296301807926 8.8499538627154237 -2.261179986302865
 6.5383766123357594 9.9724098599480371 -2.3924317332085936
 7.7188785736135284 9.6947710470096098 -1.4661446238469908
 7.2034507183949117 9.3756251605960923 -0.065731817118181324
 6.2087715964482317 10.448639534822679 0.36777665692414424
 5.0133447531352813 10.448117352506285 -0.58071181934346727
 5.5077132982928516 10.391458575631477 -2.0233016864095825
 6.5004809105573731 11.524585395617642 -2.2664314416157971
 7.7524135442358277 11.294312300427062 -1.4248169322575819
 8.237130609848732 9.8598563885052997 -1.6147158607861813
 8.3261994918899092 9.5453860454200701 -3.1053033750139729
 6.9292238343791235 9.5832148217529536 -3.7182503515163901
 6.3463179532075538 10.985826588804825 -3.571359355797739
 5.079627598154965 11.101895961855689 -4.4143892752290226
 4.7056176489233836 12.572938617473913 -4.5719521618091665
 4.7497882012000856 13.258536376245281 -3.2093514589327743
 3.5966615163336506 12.753005083351743 -2.347137471250873
 3.7123032228881816 13.343436425881489 -0.94474885697034106
 3.7806182718028718 14.865127656854114 -1.0367534855104072
 3.7960011787081331 15.460223838530478 0.36834434052497134
 4.1373497880834869 16.945427680153376 0.28880393754576777
 3.1621998939045857 17.642348179537208 -0.65568560788152497
 3.5921849751119184 19.093293458381382 -0.85201855911213509
 3.8115039728608036 19.748169551951992 0.50875786605700835
 4.8643502874097875 18.964632974682004 1.2873855498832643
 6.0395587431348119 18.639811657497475 0.36975152833932368
 7.2103900517912489 18.127331095828154 1.203534306154348
 8.267485933228329 17.52598408155707 0.28179352595852281
 7.7222844694314041 16.250795114972586 -0.35485744857530988
 6.3568895968170445 16.534352359492498 -0.97450906918053137
 5.6919560750994895 15.217880083106406 -1.3662234513559894
 4.286979432493923 15.494061886002113 -1.8938978258352266
 4.3637283094804777 16.482341112866514 -3.0541089185375805
 4.8980576305621142 17.819724193620154 -2.5495549849027963
 5.2796482117353696 18.697021447665708 -3.7384259435875391
 4.0219120050061568 19.081066487466494 -4.5125609716587478
 4.4008350972005381 19.978729221805615 -5.6869948376472301
 4.8976841471011667 21.322477726708431 -5.1614884369399903
 5.3697918717358881 22.183270300177966 -6.3297463030808148
 5.5121039569929575 23.63154860186874 -5.8704933975467766
 6.7573993736273428 23.769675851338924 -4.9993813563814733
 6.7058082317619423 25.094203673972345 -4.2433123111541349
 6.6277873390764457 26.247025690567316 -5.2401022280164833
 7.8819698511440066 26.254565679775393 -6.109380880110642
 7.9246740195134091 27.539888742071785 -6.9308411527549687
 7.6013681135649351 28.729898670183527 -6.031938676301424
 8.375277511055474 28.604434443147408 -4.7227408409037155
 9.8310141500804349 28.258671718649282 -5.0226657917629804
 10.479490572082447 29.406889398446641 -5.7906179321390781
 10.226666094496476 30.719256811422539 -5.0541075405679123
 10.896228932851393 31.864124571486069 -5.8088521446964974
 12.404345545489347 31.634661221234786 -5.8489377228620816
 13.031090053284643 32.549407759615271 -6.8973203307249493
 14.548594488329124 32.54362493620507 -6.7366254379195905
 15.093197941319735 31.163099205907884 -7.091916567809025
 14.691598204431486 30.809394021620715 -8.5210023923624885
 15.038482464483732 29.350000063769663 -8.8012105041576998
 16.552206579808725 29.200694056347601 -8.9237789292566223
 17.011754169176022 29.757244788082321 -10.268302374984604
 16.659809870167333 31.239682199851348 -10.353099371292357
 15.201346410808272 31.44074886920043 -9.9516862023613193
 14.301189333891436 30.630098836410895 -10.879716245633004
 12.85864026919854 31.105940094090506 -10.733759767724267
 12.713701552887903 32.491304380477835 -11.357004954241363
 11.277069094987365 32.977667839162436 -11.189035412469643
 11.08000619235248 34.267250279753902 -11.980754643840999
 9.5898144855387475 34.579633731196772 -12.082839198050745
 9.4021673255365492 36.017858047736851 -12.557154872107512
 10.00894544238411 36.178795238411936 -13.948052257816654
 11.531349629056241 36.171648081863367 -13.843599347103627
 11.982388329357104 34.942522587381262 -13.059704832742788
 13.437223275605472 35.116056869460763 -12.633070173909681
 13.513779048024881 36.10716680797622 -11.475263495968521
 14.96266796123707 36.243021383578188 -11.015980956066562
 15.032658634191263 37.195994263144414 -9.8261826552984601
 14.053650930084974 36.738410580186745 -8.7487611554241447
 12.643425394504797 36.688962036850022 -9.3297041649865822
 12.663953959619874 35.929095584193213 -10.652903905064043
 11.355431636368515 36.171296913123058 -11.399753184247912
 10.184309905321109 35.703970909331794 -10.540243849075219
 10.27189020297398 36.354691082417126 -9.1627210914400461
 11.595119265218697 35.976012726824059 -8.5036736334855547
 11.843903444108491 36.883469600975332 -7.3022975666814407
 13.073794348368311 36.396009745239489 -6.5417535162379883
 14.255784998923872 36.287285296991627 -7.5007911048404505
 14.719279371976441 37.685708629614105 -7.8986116032132996
 15.352803164915088 38.374492532005682 -6.6932484464896342
 14.260402805619023 38.793013430498917 -5.7133618650251119
 13.33970814789218 37.607151805149961 -5.4399947990534248
 14.052812989433651 36.606642618416842 -4.5349318994532242
 14.106447587332909 37.155179699526293 -3.1119398402497689
 12.688845403167896 37.428556487509653 -2.6176270048484733
 12.747538034134207 38.224239636484192 -1.31681206739265
 11.337558216209196 38.390609707148911 -0.75738922853893298
 10.722726530659966 37.01625527631878 -0.50877728815340517
 11.377460469530734 36.378841242920345 0.71339406616540813
 10.848806239926871 37.045379495429216 1.9802513838868445
 11.675500200018513 36.588937930995307 3.1789649420837565
 10.97678564148873 37.008550239643043 4.4690810128811984
 10.877694731295287 38.530376000359048 4.5229637145409951
 9.8772053779991413 39.013062820263158 3.4766795811279474
 10.427624314925245 38.737576826232164 2.0803191473695728
 9.3677103225194056 39.081972678455479 1.0378941737270249
 10.01758866471174 39.168126771144394 -0.34011584534478034
 10.828845852899805 40.456672046045078 -0.44105567467041656
 11.166124933451252 40.733026983417957 -1.9034327705017151
 9.8899175295232631 40.683808470753725 -2.7386262811149602
 8.7982372929923809 41.49715022391765 -2.0491442626923702
 7.488640413319871 41.346822026522688 -2.8179312590834269
 6.3799669994791461 42.099229115771912 -2.0875869337886801
 6.8003369116681434 43.551624181372858 -1.8813984027200872
 5.5851944970729885 44.380994905361213 -1.4761218126696996
 6.000662468611039 45.838024803339664 -1.2941156561174245
 4.8561054275087034 46.617857259562776 -0.65339222133134045
 5.1101347947445923 48.114590966828686 -0.80809610013129585
 4.9019562076521215 48.518705247703394 -2.2648147839784132
 3.5294087232627334 48.044548288544249 -2.7338186018491131
 3.4717115351418171 46.520533450705187 -2.6816093255728441
 3.6846839547528591 46.051627999116171 -1.2451391985061173
 5.1593310972354818 46.189537200197265 -0.87761660406465136
 6.0034926077781279 45.354892598079871 -1.8364887187257457
 5.659577851538323 43.878133849660514 -1.6644938368036768
 6.709061983547782 43.025037628696502 -2.3712369969667231
 6.2516615101066479 41.569366779408391 -2.3932184761852677
 5.019987514639479 41.435837317481507 -3.2841870792726215
 4.7105405018321553 39.958311033203344 -3.507423782195227
 4.3199803688766085 39.313542788642884 -2.1806183355105415
 3.0422256648147736 39.962022025558596 -1.6557434975376739
 1.8693918361739894 39.575365641415665 -2.5521996598776342
 1.6906859510847998 38.060001492487821 -2.5319091995906189
 3.0219199404648904 37.385771065254907 -2.8511354461814498
 4.1296317476102846 38.026296532748233 -2.0196442088234612
 3.9845575279225516 39.54481417621286 -2.0612811787974135
 3.7903994202652598 39.998570944924637 -3.5052629737239145
 2.4927693645972502 39.411815720306315 -4.0534878773995064
 1.3464927621932343 39.728628714043197 -3.0972685104232061
 1.5679273972772987 38.997026923487596 -1.7765105755838932
 0.44796278924633803 39.352964637379465 -0.80303041626503768
 -0.90290465310563528 39.096613638997702 -1.4649347287015742
 -1.0272357378813894 39.957294486852859 -2.7189069211738728
 -0.94470139860156055 41.431875884031037 -2.3348837631017805
 -2.1961663092442745 41.826165374023191 -1.5557513125442846
 -3.435572742280796 41.50283421166543 -2.3852117716356371
 -3.3400193206664128 42.202627724084238 -3.7379255564379905
 -4.4129698778387194 41.652242969312979 -4.6730884960260557
 -4.3769228727650242 40.126876354228152 -4.6479229837156266
 -4.6643907197805046 39.633831094922648 -3.2326687276864741
 -6.0908919799862478 40.009746408195397 -2.8422102383710874
 -6.3701023410827728 39.538600771412533 -1.4178720189875047
 -5.257867043344346 40.025008089642455 -0.49320096221268728
 -3.9209362129301875 39.458556484906538 -0.96269487503817619
 -3.8544966393851747 37.970026652240875 -0.63323968790119445
 -4.1601407644230148 37.761853546169156 0.8472742859397423
 -5.5853603771568725 38.220366382471894 1.1425555661190734
 -5.9513945786390066 37.85358011289545 2.5778822870420512
 -5.6207440952188481 36.385065849197773 2.8285057399160021
 -6.3587989159229688 35.51640277519396 1.8139242767019208
 -5.6736132336057974 35.626729961834108 0.45487148426315849
 -4.1822566257234719 35.344084212914879 0.61185189305222709
 -3.9826121009723945 33.902881327559996 1.0720174143395638
 -2.4943229457106595 33.635092905954565 1.2768606509483276
 -2.3097356262895974 32.28770566823443 1.9690681004443795
 -3.0592765303876792 31.209049771352415 1.1923017976187122
 -2.8339423923656324 29.853677323213066 1.8562792468341081
 -3.3015709548215093 28.74350948072507 0.91951519485465327
 -4.8172304033323208 28.817681725721894 0.75842232036292778
 -5.4784395263113295 28.771693703691451 2.132963552017705
 -5.0263961989385137 27.516589760885914 2.8739405576877046
 -5.8841395641972758 27.324794569525352 4.1214047551400856
 -7.3407889851556849 27.125930922964116 3.7123794325769608
 -7.448701266094873 25.921203257064718 2.7819697429030756
 -7.2622241879396663 24.637964059747784 3.5864568228441156
 -7.5897895312997852 23.433908416118943 2.7080338308437519
 -9.0632547163365142 23.477062016135363 2.3134275520160199
 -9.9224761829706232 23.615014804325444 3.5669759154650285
 -9.5543711666270958 24.903161342065779 4.2976284965528446
 -10.464169679125826 25.078870771822292 5.510092460120303
 -10.148577598449874 24.001876931164475 6.5440953159189315
 -10.700428679754113 22.661217377652818 6.0678933150398588
 -10.363193139711962 21.579512219818834 7.0900782993004405
 -8.8622997181620597 21.304995842968374 7.0648652870033279
 -8.1054327625023905 22.577543187596671 7.4342589349047259
 -6.6156148862399169 22.37891146437866 7.1703192938877196
 -5.8888533334615758 23.711869773799965 7.3243186144962324
 -4.3897277222650075 23.499672723136307 7.1338696356485398
 -3.6556906573936505 24.818042456195169 7.3613928967655475
 -3.9625313444410675 25.336535785847879 8.7634233742794585
 -5.4411022367018127 25.701673593964447 8.859227850391262
 -6.289478278109673 24.507010974226645 8.4329470540066414
 -7.7512379691171498 24.769140255611227 8.783978171696365
 -7.9312335783435399 24.703460844573247 10.297901484029223
 -7.0151905884704533 25.725729780757245 10.964615412800461
 -7.5511281736610991 27.13182091846695 10.710933294324981
 -9.0402688585176776 27.176656837443524 11.041275179459721
 -9.2705600622806177 26.598708871776914 12.434694753906417
 -8.2469411653567946 27.182895190754031 13.404027874448772
 -6.8675433068622347 26.607472824070218 13.096088516943782
 -6.8245778043503718 25.138885207839678 13.508496541899857
 -7.4107288234956972 24.985746323445699 14.909086226583218
 -8.8036394337485184 25.607735360715587 14.949157030931964
 -9.7673772390286597 24.751872502087085 14.132221164480972
 -9.6923902790550756 23.304180041190293 14.608917602999743
 -8.3398785260113808 22.71088118662124 14.225010808262157
 -7.2462244361309454 23.336999037448518 15.08557641794174
 -5.882037939645449 22.837209324753566 14.618798691512032
 -4.7869045824350698 23.482471132669417 15.463189672734742
 -5.0025912563578787 24.992437681194112 15.509625445889727
 -6.4618719877974629 25.288519861908831 15.843558207253945
 -7.3691732372062972 24.422921597276353 14.973949049593809
 -8.8174534787638201 24.872949306914691 15.143169032077317
 -9.673344081639609 24.261528326397666 14.037596031098875
 -11.149564632024898 24.415324405274294 14.392272859693998
 -11.55930991808766 25.877821266748171 14.24432783365944
 -13.074546966629864 25.998447687157416 14.379168307643793
 -13.744860861080287 25.402548977737482 13.144559053256671
 -13.361792760752406 23.930906367075302 13.017268609803292
 -13.866573885754091 23.165781196101438 14.237291350814385
 -13.48350578542621 21.694138585439259 14.110000907361005
 -11.965102424449629 21.568598067922238 14.02417077374497
 -11.476435504955234 22.182089494510471 12.715160112484124
 -9.9607202091585663 22.034347311074214 12.61792128628043
 -9.6104653860742566 20.587674387993655 12.281565800920538
 -8.0960036322888413 20.445322291055398 12.159838742225897
 -7.7411386016373003 18.984558710881533 11.897319080375066
 -8.3173705112252456 18.554318213125239 10.551389698697481
 -8.2269464478525069 17.036652826197756 10.420274245430621
 -8.9581077212653479 16.380043310300788 11.587725801553971
 -8.5830815397722997 14.902486108358072 11.657411368078996
 -9.4245754471026402 14.213291301159883 12.727726518703772
 -10.893394294620123 14.237228881300943 12.314599195189141
 -11.762515807080309 13.824826948205075 13.499178632017959
 -13.227436421588857 14.108250431190779 13.179249385964855
 -13.733015415068698 13.089366364906853 12.161928816613875
 -13.333643068941392 11.685044054641578 12.605839368459549
 -14.225567323559863 11.243538819529549 13.762654069002346
 -15.689981672692605 11.356578776130483 13.348663027715524
 -15.953579043536097 10.444078482424521 12.154286353432704
 -15.644366856318632 8.9999749574434666 12.538511329733627
 -15.641718454522751 8.1288979710390983 11.285557272425629
 -15.116506246387415 6.738814572609237 11.632683015975786
 -13.623407333767085 6.819812889644254 11.937266189787872
 -12.926889210144036 7.641594791229231 10.856427159361985
 -13.429213811587578 7.2065136082475547 9.4827276438201729
 -13.326359357052999 5.6889464348859047 9.3598991637453821
 -13.710629812319304 5.2651867906726251 7.9451765827615279
 -15.192875711643667 5.5451778851137847 7.7144644656768184
 -15.417630597694311 7.0513932801209771 7.617117534345387
 -14.379451133168129 7.6618211967945777 6.6799744513630586
 -14.814066480373901 9.0707919366804131 6.2867989763919896
 -16.058842417358612 8.9931518084721791 5.4074919326378748
 -15.677292843276494 8.4569852793993601 4.03067626755423
 -15.048000578099597 7.0746932073390534 4.1787839058032716
 -13.969929430326578 7.1187645564198032 5.2579022109624081
 -14.6280651649448 7.1913540177168969 6.6327709774005346
 -15.564316732798014 5.999856314385319 6.8128882298999383
 -16.449715930007883 5.8565556981174387 5.578299555499707
 -17.218952307476698 7.1545106079477412 5.3496853660319097
 -17.788932768955181 7.6492040233972221 6.6759872540814067
 -18.54913006956793 6.5154894057665151 7.358238842508662
 -19.055532656270227 6.987743822091681 8.718094785777124
 -20.075338067429119 5.9885852370466948 9.2569408169417873
 -19.509032442037935 4.5755136804551686 9.1510979399861228
 -19.486900991159946 4.1439068807326516 7.6875741891316043
 -20.917829104719608 3.9971387245211032 7.1780844030251529
 -21.579606444135802 5.3707428994501747 7.1153283383572727
 -23.063424754631001 5.2073049559101729 6.7987098612424042
 -23.223561976691396 4.5952490693067292 5.4100343549469967
 -22.861858202464326 3.1136319546164284 5.4615814709345472
 -23.817976690656817 2.3883627357091397 6.4041831878023237
 -25.236150880660819 2.4597924630634695 5.845295219729536
 -25.542328853171384 3.8912945083561681 5.4143277691348368
 -25.790863859919014 4.7528813700641903 6.6490643524403739
 -24.710540466567874 4.4745653249916524 7.690274007040931
 -24.870749864549619 5.4400201320522088 8.8611309429310268
 -24.735707821442396 6.875109118486586 8.3601726137177703
 -24.846303110530592 7.83848704034917 9.5384542700712842
 -24.587775535913337 9.2634152947085902 9.0573940211515751
 -23.097654050288948 9.4462581638056591 8.783930233236477
 -22.327438339854066 9.3889576794596223 10.100045886928411
 -22.69464393433719 8.1116662026156945 10.849954237703434
 -24.20639732488306 8.0552647206496459 11.050195489709743
 -24.903852946427058 8.1642106208931793 9.6972866063045267
 -24.447358853391798 7.0210661965004464 8.7953387319771483
 -23.033879030239081 7.3016285851914997 8.2933073230074594
 -22.520656430875778 6.0936300220661543 7.5148357210913526
 -23.211325409112167 6.0327465206581179 6.1554441065232215
 -23.162932629921166 7.4087281007339492 5.4974100418927154
 -23.87534447414918 7.3538739826166868 4.149027162318383
 -25.256520968108095 6.7300789395785765 4.3276531313609619
 -25.97862616524197 6.6979560375559242 2.9837006755658013
 -25.997014761142516 8.1000641118853256 2.3816784106610394
 -26.697238803936628 8.0633282240179636 1.0263139709491149
 -25.962017008725876 7.0998218244805376 0.099070567145420618
 -26.414307140732571 7.3325116240015751 -1.3396667590153282
 -25.437573978057838 6.6550204346438013 -2.2965753321162037
 -25.67691737198319 7.1654749469913597 -3.7146116259423754
 -24.621437574224618 6.5833961347829835 -4.6504655958017569
 -24.719910133395356 7.261567535174076 -6.0139400938331304
 -26.179573206419626 7.3054300466014972 -6.45681230264801
 -26.637044619874267 5.9018389095521187 -6.8432418898540082
 -26.855682444133716 5.0719002583945789 -5.5814672122202165
 -27.690040443121681 5.8709186707030003 -4.5844254346016058
 -27.099977855208024 7.2699630777033288 -4.4321858550380462
 -26.786794976289976 7.8435448988653151 -5.8111696761124856
 -26.219869375534902 9.2522565668846184 -5.6601637173071282
 -27.338512285906805 10.211838328830627 -5.2645415728116243
 -28.523389741542143 10.029934900225747 -6.2088151336979092
 -28.039030308705616 10.103788869307303 -7.6540201472074587
 -26.892887184850391 9.1172025336151492 -7.8581753378465002
 -26.375636544628815 9.2264314177762028 -9.2896769361883464
 -25.262895615313685 8.2053605378011802 -9.508532784394145
 -24.59515026724938 8.4607351225902914 -10.856707836671195
 -23.306685615281928 7.6483212927301532 -10.949004151236421
 -22.237305309023629 8.2873920573808668 -10.067703794742901
 -22.131960925474768 9.7747907021457987 -10.392086026694816
 -23.385376374474667 10.493313094587286 -9.9008108657427378
 -23.269089090606037 11.984579846068563 -10.202931278056916
 -24.450372503325642 12.723918940278102 -9.5811409576056441
 -24.534810969203573 12.390107582411245 -8.094495027049474
 -25.898427295967799 12.811508370545043 -7.5544506870715393
 -26.070969945900014 14.317959069578094 -7.7262392936121094
 -27.502675188397081 14.710290220050004 -7.3727249841764833
 -28.476383463075507 13.756064593372827 -8.058306233347766
 -28.187166980739711 13.72256960024119 -9.5562741608349917
 -28.449829822001337 15.10066427469666 -10.156723409362952
 -28.526991973669546 14.987798192076747 -11.676586314280339
 -29.645308065223379 14.022731714131783 -12.059589985958056
 -29.253838981369441 12.603827789948724 -11.656924355037782
 -28.041766198096806 12.159478826503712 -12.470625508247624
 -28.362885627246335 12.259861336542864 -13.959074924217434
 -29.691103091654146 11.56370776174143 -14.241713505329816
 -29.533448461555381 10.060619006924462 -14.030656136941154
 -29.385528914456795 9.7682570796949175 -12.540246692831003
 -30.469515613100288 10.511901109183263 -11.765235470608854
 -30.276512106199494 10.279620083288389 -10.269417576835293
 -30.172422766968861 8.781973590237282 -9.9957455261794106
 -30.279436158796319 8.5298270322382646 -8.4945306024397134
 -28.971903051439885 8.9289412373694859 -7.8164885503299288
 -29.078916443267342 8.6767946793704684 -6.3152736265902316
 -30.399826130370041 9.2385412198706973 -5.797282871118453
 -31.557867983762428 8.6061623241333116 -6.5639066367410948
 -32.829457240412687 9.4150642726405316 -6.3242936152401708
 -34.007132643266075 8.7276378925960287 -7.0092765475333527
 -35.264164161411166 9.5746672486889572 -6.8329557254317503
 -35.735574012943474 9.4911633233758881 -5.3839989122949499
 -35.833417857249643 8.027448348010175 -4.9637120423816832
 -36.557567814405424 7.9294550397720425 -3.6240553135545612
 -37.969311054032595 8.4911978525160947 -3.7658369685643787
 -38.788572629867424 8.1277792038366226 -2.5307607133669197
 -38.593565914446074 6.6493101219419763 -2.2070671007915008
 -39.657394454814209 6.2018029292711274 -1.2087274044926866
 -39.49316635992583 4.7118157490503805 -0.9229944248996631
 -39.675288669289785 3.9220850701154673 -2.2159882064705139
 -38.475828807477193 4.1570619644750506 -3.1296390692280487
 -38.735496570188793 3.5109486395668723 -4.487499969462089
 -38.579429262609764 1.9975297052448837 -4.3696775406097039
 -39.630132328879945 1.4504465580345345 -3.4077008794745094
 -39.524645046593335 2.1781857988177551 -2.0705606360071336
 -38.248868462919162 1.7449286695456183 -1.3540703231043971
 -38.181962213870804 0.22103964145375121 -1.309778293353554
 -38.524701848863337 -0.34408065923802666 -2.685221708529606
 -37.541080930409088 0.19814643194398163 -3.7182539782905635
 -37.883820565401621 -0.36697386874779625 -5.0936973934666163
 -37.914313533130311 -1.8911230422860821 -5.0250280719205023
 -36.49100196267468 -2.4232893231629959 -4.8848167210793783
 -35.943081612009166 -2.0559746429854537 -3.5087574145621807
 -34.444555345709546 -2.340820991481265 -3.4645127882369993
 -34.214630623122979 -3.8470265752156001 -3.3799234185091991
 -34.89404760448808 -4.3965657479522697 -2.1288937373822558
 -34.288923878524685 -3.7409156628755431 -0.8909017171272775
 -35.180048428831945 -4.0142715037691419 0.31734065097979514
 -36.602115384026007 -3.5492540890699642 0.017073471668574869
 -37.528451622892526 -3.9780033794588401 1.1514240429443259
 -36.972151205225323 -3.4759094525295247 2.4807500126913768
 -35.472115798585484 -3.7496278008485078 2.5411490575539899
 -34.769408553572596 -2.9852974563219017 1.4228120545704588
 -35.400219470733575 -3.3501029666842341 0.082039692683570919
 -35.103367652717736 -4.811979906183649 -0.23962909955537132
 -35.748828983875249 -5.7067556545038434 0.81461566813302588
 -37.18233924200176 -5.2470663107490143 1.0644356975226839
 -37.18729282069075 -3.7617676441024397 1.4144918828930086
 -38.618144384336532 -3.2330881539323268 1.3716223192630141
 -38.62032516985996 -1.7422580013256901 1.6973472035646515
 -37.655269787765107 -1.0157118960193756 0.764890841929462
 -37.56330428103783 0.45253090801616769 1.1704539245321348
 -36.759076481365121 1.2202922158624341 0.12525718687566045
 -37.604795319525692 1.4085232524660369 -1.1309293930715227
 -37.869441308529694 0.050664444445831069 -1.7750240739888399
 -38.701826303515915 -0.80883955625968296 -0.82788939882751011
 -38.654901781137418 -2.2636510893297608 -1.2861442323489698
 -37.265338611625999 -2.8363619666720594 -1.0219616271094742
 -36.244716511895795 -2.1249410380970599 -1.9056396181943187
 -35.992726377798277 -0.72080094881240475 -1.3638208459271193
 -37.32496963720773 -0.00096792836490933176 -1.1750238109094597
 -38.01303803612403 0.16018381315221417 -2.527528152720862
 -39.137427433061028 1.1849622490553751 -2.4081395378387853
 -38.562338670631547 2.5205808224915209 -1.945460446437776
 -37.463311092942064 2.962609903685292 -2.907450402132183
 -37.043465283422002 4.3924419394048062 -2.5788384031750922
 -35.979801033217484 4.8519889273857153 -3.5718695853010507
 -35.452707436226532 6.2223277907204118 -3.155913169740892
 -34.773622069170848 6.1148455910251842 -1.793574503696556
 -34.334642057698701 7.5016715767583797 -1.3323953250436125
 -33.978755284554985 7.4562928348042554 0.15083135165821693
 -33.198259675440895 8.7127530220609923 0.52607847288945542
 -33.93038605410532 9.9435896683686682 -0.00090171247781822839
 -33.854418324416237 9.9678602970891994 -1.5248163559625967
 -34.229414686125622 8.5949643442310926 -2.0754618238732068
 -33.373703116539502 7.5253061393133187 -1.402955292805681
 -31.901018291462183 7.7862566701553995 -1.7059078079630396
 -31.045306721876063 6.7165984652376256 -1.0334012768955141
 -29.582304658680432 6.9189204939063043 -1.4172850611332142
 -28.720537669116201 5.8799688843117055 -0.70551739635900623
 -28.657632254987931 6.2045635745418739 0.78423331968300092
 -28.140400324611708 7.6276210474364738 0.97411370054964275
 -29.009719500942044 8.5961467074647562 0.17729614581640596
 -29.157361898313564 8.0885077308766054 -1.2541997123497513
 -27.778312434701583 7.9658753703441478 -1.8959628158869384
 -26.824819130034715 7.273903547337218 -0.92606513359263931
 -27.471018988963614 5.9946548062647453 -0.40201895167284962
 -27.908425580868926 5.1261876557764765 -1.578078593817118
 -26.676667662472298 4.5655325338697805 -2.2831418993060164
 -25.777478551314232 5.7150899792508705 -2.7288465348480022
 -26.536734624435951 6.6053759806737773 -3.7084367813787296
 -25.715275085097566 7.857834465057536 -4.0003750798684132
 -26.506278799900674 8.7826731871313655 -4.9210609444935089
 -27.045709989389067 7.983989080281173 -6.104189715706509
 -25.883458600732446 7.5167874768965159 -6.9757230606569482
 -26.424387652935099 6.7393045519812125 -8.1722146243331064
 -27.250628562758891 5.5550164969621605 -7.6787941528560006
 -28.496543451490872 6.0667383731322442 -6.9614986687736868
 -28.082184964837527 6.8865253103640498 -5.742920635949206
 -27.561433637491216 5.952867379601801 -4.6539867888346329
 -27.263956048365731 6.7578760095810972 -3.3921848275004143
 -27.007863971632812 5.8046522667212921 -2.2283732687492135
 -25.622887961677758 5.1811507079606969 -2.3758970230127945
 -24.564101182663389 6.2797287539954674 -2.348097142532076
 -24.594475559323833 6.9823083889999973 -0.99379464540695905
 -24.281305218098037 5.9756064305459935 0.10945124931521311
 -24.433304022721721 6.6480963310776451 1.4708217709131495
 -25.808585602054453 7.3026344592639267 1.564930305586685
 -26.009307947257543 8.2392780887668824 0.37703921148435149
 -26.211543376628669 7.4163472876158627 -0.89203987494956838
 -24.912967798464354 6.6966794309893096 -1.2448225898516654
 -23.790869655404954 7.7187388999238085 -1.4028295495209204
 -24.220603773866561 8.7981268603296243 -2.3922365529128164
 -25.610098827212813 9.3069412979104555 -2.0192923683013246
 -25.545421145529456 10.025801970566679 -0.67477307472452974
 -24.563389123452446 11.19022732031795 -0.76643938517665389
 -23.172932032929257 10.658695379659717 -1.1022650474983609
 -23.182700314974287 10.05661271155542 -2.504433739715612
 -23.740487372833492 11.076638253449964 -3.4929161583591828
 -22.924989134922264 12.36386644592695 -3.4111714065028567
 -23.315887735905289 13.288382709668509 -4.5605816734775315
 -23.394679532830221 12.485472757709978 -5.8558822030007853
 -23.7123568881468 13.422613914414935 -7.0175721574760281
 -24.108283957953127 12.601134728340561 -8.2411283279239136
 -24.545248670260118 13.537735579115983 -9.3638556708372125
 -23.328178198883119 14.275460456455509 -9.9144712109888662
 -22.736355438168168 15.165615813629888 -8.8254141601446889


