 0 0 0
 -1.526 0 0
 -2.0353892671907348 1.4384709154066642 0
 -1.4471823647092199 2.1871508457479671 -1.1925464358997697
 0.075765531335547642 2.1024564531495371 -1.1463667239561179
 0.66808530078946371 2.9731465253979517 -2.2507815413151162
 2.1732724548092412 2.736212827200319 -2.3341485253809617
 2.4466886752073607 1.2413787403416612 -2.4733987432933531
 1.547239253160323 0.65801706459477727 -3.5593802774130801
 1.6523973301819497 1.5109066549761287 -4.8204104616102086
 0.99979207568297623 0.77642002896127149 -5.9880198903172737
 1.695222499641603 -0.56553200667545211 -6.1982988942220292
 3.0609512377729464 -0.3365701712510607 -6.8394209510577468
 2.9068040371945756 0.57192422524939168 -8.0557895514750406
 1.9354384022823212 -0.063562275394733025 -9.0463861953269138
 0.63328487829844038 -0.41165426205983002 -8.3309114097502981
 -0.1953921801695333 -1.3463879013196878 -9.2074063363784475
 -1.4505296093174733 -1.7736670292899301 -8.4519339141465792
 -2.3393690501265993 -2.6067985752277516 -9.3709182859535058
 -1.7153446531436995 -3.9849354034629778 -9.5709393714217068
 -1.8974428184774081 -4.8153592231595574 -8.3036933267000688
 -1.2152410120656905 -4.1139780791914209 -7.1326505494222552
 0.17455795001204355 -3.6483993287709318 -7.5573519411842147
 1.1093984295930586 -4.8511914620530732 -7.6470200060196429
 0.4950226839778018 -5.9067662486029278 -8.5618862876148949
 1.5554463181011269 -6.9399769836987693 -8.9315527495442772
 2.2361622055742054 -7.4473516888469131 -7.6635335110791942
 3.1135009664402622 -8.6490836978709975 -8.0023444866525146
 3.9450943724018135 -9.0329307037440767 -6.7817749952905793
 3.0192509131096426 -9.4870928456296291 -5.6569520591073639
 2.2813249422093809 -8.279666153960477 -5.0857585317317593
 1.1042880608331833 -8.7557050213895611 -4.2392083698529577
 0.19759125077826867 -7.5716472996776716 -3.9158135549738597
 -0.86547910669611761 -8.0039195912728101 -2.9099815207960047
 -0.2019875428401996 -8.3245017492934839 -1.5736873822730408
 0.89326298234129409 -9.3657503411245546 -1.7855922125612367
 2.0661019788588648 -8.7281589743381023 -2.5249175382785651
 1.564196984748901 -8.0757280539752241 -3.8098693938132069
 1.169027986959533 -9.1583071100620206 -4.8101393826204113
 2.4110582487223917 -9.9354622114616795 -5.2368322197219532
 3.2847370105689917 -9.0526350835925857 -6.1233860440307728
 2.4305088520765024 -8.4345903372192055 -7.2265591694824343
 1.3548519360071849 -7.5500344037592164 -6.6027010129332346
 0.46979052677524336 -6.9715123208464034 -7.7029984733822632
 1.3354751651674808 -6.2220869416910665 -8.7117738239581861
 2.1126621272644188 -5.1204121603858503 -7.9969527958800875
 2.7066027772566286 -5.6725801843581092 -6.7042730298168163
 1.5868560562163174 -5.9395188046943019 -5.7024811084616509
 0.58462041679402876 -6.9183115237419113 -6.307596416656029
 0.087373373704976776 -6.3766512297823246 -7.6447671253117342
 -0.31604583755266075 -4.9138037040446152 -7.4835031912430248
 0.76441066119987111 -4.1704703377812713 -6.7032819015418159
 0.53115229563118804 -2.6666721199919019 -6.8166726201467034
 0.34003565763520216 -2.2899757298463408 -8.2830457855900725
 0.206038375902797 -0.7748895027774001 -8.4064737120666901
 1.4789773341171613 -0.10748142181312026 -7.8937663275638945
 1.5167382132196106 -0.18520792828390334 -6.3702149808081483
 0.39948604635019636 0.67611943086555593 -5.788374129710351
 0.47468249114068317 2.0788422646295892 -6.3845202077213203
 -0.61146506279784096 2.9541619583635597 -5.765832140247233
 -0.41378957171967479 4.4008872162393695 -6.2092128214357203
 -0.71993874462373786 4.5233933106201505 -7.6991594448990295
 0.039919058557537968 3.4446436872992021 -8.465704531067761
 -0.20711877642864843 3.6133652484206484 -9.9620939666419606
 0.70355666611053957 2.6666321860953817 -10.738652236867877
 0.66075168828858777 1.2810675112003262 -10.10064419181154
 -0.72078437422489983 0.66712450292755954 -10.308269071264133
 -0.67416326043154096 -0.81942462727614396 -9.9666930837602319
 -0.30262306288522045 -0.99293584811083324 -8.4968197089922946
 -1.4881365626722278 -0.59657758812204387 -7.6215289735441178
 -2.6768078740908638 -1.5011339545029032 -7.9338017604630942
 -3.8122452692581801 -1.2052273459654264 -6.9581495679890049
 -3.2526257117581285 -1.0986722670997413 -5.5424702377622186
 -4.3987166511143485 -1.1518859986888907 -4.53632916539914
 -3.8438457960194139 -0.99542321971638681 -3.1234194963252797
 -4.9985770626847428 -0.89889725757127359 -2.1304671105496911
 -5.7701630805827708 -2.2153880885729489 -2.1169427298699697
 -7.0947914972275319 -2.0219617830999335 -1.3843979720781738
 -6.8522946218042629 -1.2560256910494136 -0.087010917917266672
 -5.6337480167378438 -1.834980006741344 0.62617354042628082
 -4.4931765723314374 -2.007616385130675 -0.37281067419439429
 -4.3314376854758336 -0.72745690441120847 -1.1874935796261705
 -5.5898430043173093 -0.48924840267292347 -2.0171614428166591
 -5.4798953242007737 0.8525595470836641 -2.7355895419379279
 -6.7042146618634693 1.0569206643385289 -3.6232576630166933
 -6.6945522289794486 2.4754543740168358 -4.1857029953798017
 -5.4403826103296256 2.6798686619695173 -5.0306582406659306
 -5.3028144807939714 1.5301384190811629 -6.0245754295322529
 -4.1514601273289946 1.8204364514250451 -6.9831087910666874
 -2.8342830884815857 1.818262365050564 -6.2125791539458355
 -2.7069205418836977 0.51733822671202212 -5.4251458754947617
 -2.883113498018631 -0.66873499393786684 -6.3690009265834435
 -1.9401992610861714 -0.51704568685785945 -7.5592022103618017
 -0.54544994535006386 -0.15001231625621325 -7.0605672225015059
 -0.03785488478315957 -1.2390712681021534 -6.1198367329922707
 -0.047557255346681732 -2.5825042618480336 -6.8435560538069176
 0.62890964550985851 -2.4335039128653886 -8.2032866992101106
 -0.25599890495148347 -1.5976776976088769 -9.1236167461010957
 0.2178536531583482 -1.753916255652471 -10.565743393158563
 1.7044015802186618 -1.4202522180369632 -10.65245885057409
 1.9342451147500219 0.010065197827899608 -10.172833955986897
 1.3328925140056289 0.18347058526271814 -8.7810790849027249
 1.3391364450891658 1.6621590431714937 -8.4040943932082541
 0.71508697149741185 1.8383052909339994 -7.0227143752881194
 0.92127776162473229 3.2745115005804877 -6.5499849797143703
 -0.0015290798694732599 3.5593348946204002 -5.3684693566695216
 -1.4421264808887577 3.6636886099350852 -5.8608771452721031
 -1.8434346695669781 2.3584520507576183 -6.5420417819689574
 -0.77918399414795858 1.969019116127245 -7.5639950535500606
 -1.1031487677052323 0.5924717402485673 -8.1374409075375951
 -1.1503640026145168 -0.43189083898831315 -7.00734001476226
 -1.7595767138787632 -1.7322591414253252 -7.5236520816860653
 -3.1658961362971443 -1.461895050216105 -8.050762070505689
 -3.0805061061922929 -0.6255345659773518 -9.3242948275098385
 -4.4855029396538502 -0.37616695885224594 -9.86510504790113
 -4.3945273161333906 0.35249580762842914 -11.202808306725663
 -5.795482510735865 0.53570903267463743 -11.779378733373171
 -6.5704106659769375 1.5362637943832378 -10.926704983902194
 -8.008889962479719 1.6263064740588278 -11.428048807410256
 -8.7372883671528392 0.32050282553671372 -11.123108492633786
 -8.0124867233690669 -0.83777409113642021 -11.802617993281498
 -8.8673050025221567 -2.09844199061778 -11.709461367950876
 -8.0560625863125228 -3.3002631811565672 -12.185053176242683
 -7.6262536648635049 -3.0838624512082133 -13.633193713317947
 -8.8457741199572872 -2.7283324302361378 -14.478796612908193
 -9.6645663470320269 -1.6557196355829016 -13.766225857384121
 -8.8889174550184666 -0.34155488734919071 -13.762249575459556
 -8.6634029442001204 0.12118776896585981 -15.198803939010354
 -8.0669138345798501 1.5257702604999284 -15.193827335716449
 -9.0878579529905235 2.5107689887149958 -14.631575957330114
 -8.442744090856122 3.8861374439269696 -14.487126252277292
 -7.251144576906003 3.7927588688068465 -13.538418162261003
 -6.5760317117845464 5.1572100544413697 -13.432722460512904
 -5.8779543862064738 5.483541723736387 -14.749867740703694
 -6.9196164820935984 5.6338073374660436 -15.854872864367142
 -7.7311107166363264 4.3464610855962791 -15.968419044843456
 -6.8450562856625483 3.2326569021557177 -16.518895008262401
 -6.1682190050647989 3.7071592239591946 -17.8016322542314
 -7.2312411096866356 4.1151371493777651 -18.81761159332078
 -8.2833269383319976 3.0148959021674875 -18.923727601070578
 -9.1725963311459733 3.2756687014605101 -20.136110995114361
 -9.8836789773772278 4.615305114270571 -19.967553136495642
 -8.8724836268667691 5.6800472857892839 -19.552241119699083
 -9.6077345360360766 6.9676269073035613 -19.191379901462998
 -8.6648873721203881 7.897053850381381 -18.43251180819702
 -7.9416207173776208 7.1102942445421364 -17.343213562188673
 -7.1724003403964156 8.0740643621827033 -16.444256849115146
 -6.0227859773005559 8.6969585987076865 -17.231064059470796
 -5.2102734132332253 7.5946857233605254 -17.904483573226234
 -6.0584493527710963 6.9209499939531725 -18.979357399546778
 -6.6788324888389949 7.9851635959432743 -19.880051672772598
 -5.57936535926346 8.6838786359554909 -20.674812846864313
 -4.666503373096818 9.4468998055360291 -19.719219999997083
 -3.642829642878251 10.245368025071965 -20.521227853107945
 -3.0497353689847593 9.360778719890142 -21.614121692157589
 -2.6110118094622883 8.029875648243225 -21.010056586228842
 -1.8587936202432318 8.2851562470443358 -19.707107772313375
 -1.1262841420840455 7.0149052518987158 -19.284534377814278
 -0.60383036726513217 7.1781112334918449 -17.860075933088822
 0.068322781834050161 8.5406157444041906 -17.717010906266978
 0.84551231782904612 8.5899282558464165 -16.404676840049419
 1.841728376820726 7.4348799388433635 -16.358928078367022
 2.6014885321435561 7.4695808731718625 -15.035963093365329
 3.3730644035083128 6.1651950238286188 -14.857289562139259
 4.2858846660429277 6.2760356621042632 -13.639443298765734
 5.2032937644956503 7.4850158728822489 -13.798827727187573
 4.3601618969944411 8.7486453724898663 -13.943897164786602
 3.428965389320989 8.6046740640802994 -15.144239335357801
 2.3532991306269788 7.567971050701197 -14.833007971324715
 1.246721490184731 7.651876793509361 -15.880443769833173
 0.41970766085814659 8.9130725390948324 -15.647829459397087
 1.3287320309637356 10.137147710558734 -15.711001202761761
 2.4898273919996607 9.9602068927095306 -14.736719154502797
 3.2427028400442941 8.6752436813339209 -15.069471472515525
 2.2539264500430622 7.5174162531758189 -15.171613027139001
 1.4220033322318306 7.4438350675768232 -13.894442038125758
 0.61315572784749295 6.1498530430006602 -13.887225878796531
 1.5060378407579877 4.9886156968149296 -14.314970379951115
 2.8081624472421147 5.0276839575433563 -13.520224395254003
 3.7010445601526092 3.8664466113576261 -13.947968896408586
 3.0601524807518792 2.5480679885124538 -13.523927448686495
 3.0734214976079204 2.4416147149480611 -12.001702881239538
 2.5940069575133733 1.0544370035128039 -11.583880316454978
 1.1565757179441356 0.84943428392248066 -12.053392101686176
 1.121130490502662 0.7982151492439733 -13.578120351602987
 -0.28263234091233991 0.42090929754605505 -14.042626764273701
 -1.2772967156390873 1.4760319581329866 -13.567195430887507
 -2.6993961338946031 0.95093304362539344 -13.742067883207023
 -2.7944621869979156 -0.46161453106118666 -13.172552479732817
 -4.1959281305585883 -1.014986895863879 -13.414106272731889
 -4.2413544096140727 -2.4839586753748604 -13.003333386368292
 -3.5679288129199951 -2.6539907264015805 -11.644560753680674
 -3.7651673421885352 -4.085414868037601 -11.153849138458929
 -5.2572782213808207 -4.3937525695120474 -11.0689433904471
 -5.8570293530183388 -3.6798161938439535 -9.8609411422714608
 -7.3794241885760581 -3.6942366703369434 -9.9647776220118143
 -7.8555860185042405 -5.1109294682482389 -10.27288057244507
 -7.5713439403387399 -5.4368897813296586 -11.736312263811632
 -6.1124027695144818 -5.1220933463127398 -12.054227133823321
 -5.8505290162649457 -3.6361312074756604 -11.826159908423222
 -5.8970887822082396 -3.3342850788886187 -10.331035464488103
 -5.586148355019156 -1.8583639664122251 -10.099413098370576
 -5.5592189893289143 -1.5725702820310619 -8.6006560202450597
 -5.0555128459140244 -0.15201742904697402 -8.3619392152965322
 -6.108115857642705 0.84752853994486577 -8.8326947310070114
 -5.7206493310641449 2.2499586252781545 -8.3725474214058622
 -4.2770364487416757 2.5374495760066225 -8.7750481036932637
 -3.8574893092519309 3.8992028426688012 -8.2288940608804122
 -4.6871309547427966 4.9929254903535458 -8.8953334879918664
 -4.3380708708222393 6.3443194839710895 -8.2784320924449233
 -2.8332186874163279 6.5766962756970724 -8.378915587435726
 -2.428113161136741 6.6632989989243843 -9.8476107501251544
 -0.91352075154749079 6.5207884773150306 -9.9675131439512352
 -0.4447033594313155 5.3388845251326646 -9.1237185595498804
 1.0770121422224832 5.2417871634531084 -9.1839683261997358
 1.5236620203643771 5.1392445055794616 -10.639531753080204
 3.0260311102100239 5.3908923624094713 -10.730286775140641
 3.3039846150009771 6.8817113211332819 -10.560355372851239
 3.1446492265765804 7.2654591748903785 -9.0920141935838181
 3.2505220365031304 8.7808770706988781 -8.9471848140313277
 4.6981748474256371 9.2131991914385605 -9.1618355138840784
 5.1658156861941267 8.7600816946777869 -10.541934271236292
 4.2086258324581447 9.2926878011675811 -11.604381596629242
 4.2234096739260849 10.818486079259689 -11.584455417804104
 3.0503475065921641 11.349999212004359 -12.403048687560062
 2.8376491403360657 12.827940788854432 -12.088208886375609
 2.7837059737875727 13.02395088620869 -10.57581139347969
 2.9213667288962322 14.508240092288132 -10.249297888063857
 4.2955935308146085 15.001979103076454 -10.692466576166847
 5.3738043829447371 14.34376769325533 -9.8363736499432566
 5.1668950101224587 14.726314065315149 -8.3736628840492848
 6.3395975590656271 14.214058071821679 -7.5423756119031431
 7.5614930912840155 15.094433992593153 -7.7885169259292235
 8.7958868032148114 14.433888883597129 -7.1813692314370989
 9.9696841337715885 15.407909501874061 -7.2278413946014259
 10.163500377191111 15.904175125097375 -8.6578175115325742
 11.531826435926252 16.567494716254739 -8.7857507635554342
 11.787707020447618 16.929924275417648 -10.245834987533609
 12.971735868487132 17.888673649963536 -10.332733340901514
 12.670126923742858 19.145458719802452 -9.5214384914908923
 13.675368873626345 20.236322313512392 -9.8794625718439342
 15.092569355782796 19.685512521546599 -9.7497422324592353
 15.315844672858262 18.601353338258271 -10.800181663400592
 14.469193361280004 17.378682891214758 -10.458224744287678
 13.02532536489025 17.810021640693598 -10.217666867261322
 12.12292021160294 16.579618294166792 -10.196488005721875
 11.944444176711796 16.054280465614031 -11.618051395395712
 13.307688525110365 15.699608220712028 -12.204948699236423
 14.20732316522116 16.932051656978945 -12.184535695653603
 13.581887157688621 18.0334142079972 -13.035715072574989
 12.0928387822409 18.138461869452406 -12.718893475458795
 11.540709322798929 19.440497152100811 -13.29207161771037
 10.165359921510298 19.718373085570498 -12.692175801777873
 9.4669157080589059 20.807003144448927 -13.501951249419111
 8.1702054449925274 21.207922354158523 -12.80446843174966
 7.2348638599191011 20.004074074430306 -12.736930008406338
 8.0204018474642531 18.772859598469495 -12.294530885093453
 7.0557265147042578 17.619304528072817 -12.03493850861358
 6.3789084357406667 17.217264051808936 -13.342209231697941
 7.4420481846641362 16.872502869422313 -14.381222995503927
 6.7755533491458699 16.639755174400285 -15.734104788082043
 5.6296272305374835 15.64498170052542 -15.57299902665183
 5.1084353273374079 15.241078063556968 -16.949188276748743
 4.4054352795003924 16.430587713357713 -17.596902508313878
 5.327591766089232 17.646043021358135 -17.565728665180874
 5.7726895978696939 17.911072739268487 -16.130346078980022
 4.5475029350747835 18.154810633580269 -15.253884168691908
 3.6821395147524387 16.898184062218384 -15.22720438392429
 4.5554832341450933 15.68466736223653 -14.921714667792132
 5.5110807951549594 15.438792095862253 -16.085782816474733
 4.7448864505860175 14.821267057648809 -17.252095404733137
 3.8889835652764848 13.664617194987784 -16.74389530032051
 4.7933013765393646 12.562674488300685 -16.199278400645358
 3.9389512237553315 11.473755671838477 -15.556613925516693
 3.2584379308399556 12.03004753937612 -14.309169731864362
 2.3329164032179883 13.177737140730958 -14.702736093295595
 1.4863019956806265 12.761047056207389 -15.902023139173211
 2.3764330747547242 12.094237569210284 -16.946871343515355
 3.3895288905825476 13.106506838336347 -17.473771518819081
 4.445699736082326 12.384443807725539 -18.305519151783177
 3.7688926724273095 11.63828627221841 -19.451755222927581
 2.897550143820109 10.519851910285889 -18.887359283990243
 2.1820280154706504 9.8054991573384456 -20.030339698607495
 1.0582901905839219 10.691341835070578 -20.560596288596869
 1.6519415017114216 11.821309099821496 -21.396914470503663
 2.7874197785822883 12.485273320479207 -20.623275926711589
 2.2150109665678221 13.243328433334799 -19.428965833895806
 1.1521993622797011 14.226349393705526 -19.911435817689899
 -0.076311333666220005 13.4557501562381 -20.38642453877814
 -1.2320023008843786 14.426974588577801 -20.609533234970673
 -0.76493652765189335 15.580128531843474 -21.493140357285522
 -1.810095241298405 16.691870217010525 -21.474440390690756
 -3.12993976273621 16.159534030210224 -22.025171380787988
 -4.2130441333872044 17.223093690237729 -21.8689607158549
 -3.7155678286698364 18.545327964833792 -22.445926788798648
 -2.5344700862191871 19.048740448645884 -21.621148034271066
 -2.148052723678068 20.44956173801231 -22.087042160854029
 -1.9976213664464726 20.457926772241837 -23.605586342945468
 -1.586971525988369 21.852625714154897 -24.069113656011574
 -0.32274596247636134 22.283111292737797 -23.330810269052769
 -0.47230572439626428 21.976945973199857 -21.843339034128661
 -0.73714853207357622 20.486046354077114 -21.654255420557288
 -1.9190772362175421 20.064494439843877 -22.522595516330142
 -2.262906077324141 18.604631349693101 -22.241068455395194
 -3.4288171382695802 18.175849369775495 -23.127337834118709
 -2.9624599920674868 18.093298590920817 -24.577983339091126
 -1.7853601446448493 17.127581067975338 -24.680460727199929
 -1.2555300466105521 17.12031718762319 -26.111510447950103
 -0.19619478715782979 16.031589518674693 -26.256964464553796
 1.0374056861131105 16.409004491563365 -25.441817968158759
 0.61500321234245581 16.792236109051768 -24.026407894183865
 0.23483213933630454 15.534621473637774 -23.250166060705514
 -0.30510109633104321 15.926803300786087 -21.877817156280564
 -0.80047040605707598 14.680332804345333 -21.15008331174381
 0.34826091554364735 13.686816970961695 -21.001696521262254
 1.3636187883319761 14.228109262291875 -19.999335785043385
 1.9814172372381371 15.512977867704524 -20.543499127573959
 2.681139726462674 15.220679286696237 -21.867744564648945
 3.0592394825413587 16.534834667058036 -22.545027526725601
 1.7977944799402457 17.228087399296726 -23.051814616790271
 1.2105116010195069 16.431572423087232 -24.213425013093829
 1.1155331704726632 14.958944776722467 -23.824808347351123
 0.13753128388171942 14.800454206018424 -22.6641753093833
 -1.1556436095874729 15.545520247465113 -22.982375386039241
 -2.1242491919872681 15.407816162189281 -21.811257624820389
 -1.5569739889125795 16.13125595275875 -20.593263489613932
 -1.2250626188649654 17.573289765757981 -20.966156670833385
 -0.94381845527006147 18.375339840037245 -19.698760363914204
 0.37825271343175459 17.917814441475855 -19.089273420199575
 0.73357828892055599 18.817667539674876 -17.909153029279597
 -0.21398917470087597 18.53226831335742 -16.747542430368156
 -1.6558086925560489 18.56589966667007 -17.246242149644377
 -1.7801219125842032 17.709703980951151 -18.503282789831676
 -1.048883220518662 16.386923213581593 -18.293004363207775
 -1.1520644492856096 15.541004298949593 -19.558883829783451
 -2.5711964219120431 14.996325989928474 -19.693293591152369
 -2.8945356993756279 14.114793297296988 -18.490368895474724
 -2.7376057281935564 14.926080594254636 -17.207457399719893
 -3.6006635764211601 16.181857906828437 -17.290104189358715
 -2.9672480097584426 17.172148604363262 -18.263132993806604
 -3.6680123656409109 18.522477904583351 -18.143901712291644
 -3.6964560728666136 18.954160413690808 -16.680509363381105
 -4.700088618437599 20.090033604468033 -16.503902998987826
 -4.9324750820226866 20.337733976378786 -15.016180895469281
 -3.7178636075865281 21.044821022810755 -14.421687098246732
 -3.9183484495401197 21.225793977420981 -12.919778107047053
 -2.7895090386901948 22.083266342735907 -12.354854459787383
 -2.8428644483728838 23.4733367691687 -12.982176872757373
 -4.1068767991025208 24.192597742256176 -12.519994625374222
 -4.2560276426150914 24.040256205952897 -11.008961176970054
 -3.9834606816476361 22.591767867840556 -10.61365776673753
 -2.5481874069887227 22.225192154389497 -10.980112229607982
 -2.2600411127209834 20.792771649226058 -10.539863198391526
 -3.1896155074855335 19.835535897669352 -11.280313845321986
 -3.2170019720536969 20.196742866202584 -12.762695546315843
 -3.9927657006799331 21.496547221134588 -12.956022410066478
 -3.8326395185095756 21.975993611007233 -14.395871973396472
 -4.7982244067318121 23.127854868409052 -14.659571551199496
 -4.603353637147408 23.640005085668026 -16.083791877596756
 -5.3206016454351257 24.977023130409716 -16.246929986701733
 -5.1049747095443223 25.501209711738216 -17.66376076434366
 -5.6649099312557887 24.498485002364202 -18.668594932103534
 -7.1582709702993119 24.307507208337654 -18.41944379472795
 -7.899216608332015 25.599969049364024 -18.74992518750366
 -7.1455053546777174 26.785741795829644 -18.154493965737284
 -5.6728780703858304 26.701640561390608 -18.545610142754903
 -5.0967121765540639 25.368541863894947 -18.077041337220059
 -5.9542380582895156 24.22612396182048 -18.61389019786294
 -7.255535334622337 24.149656451550779 -17.820508752099379
 -6.938917322357427 24.049568974690043 -16.331075460110437
 -5.9115228879543702 22.944770877726967 -16.101820490471106
 -6.3411281519480553 21.686326393682151 -16.850441087119393
 -7.7453024409869231 21.284798310757612 -16.408009437454631
 -8.7065291852901545 22.445347592731736 -16.6485182941429
 -10.142927715877253 21.962910644769792 -16.467714940832369
 -10.399878756996701 21.669613333749879 -14.992374692002945
 -9.9942832315123198 22.878781215505271 -14.154471771947065
 -10.157497468446195 22.549986138511429 -12.673279377216842
 -11.641866685658286 22.443291906218988 -12.335728836129091
 -11.810124006619652 22.262932054496392 -10.829795305780074
 -11.368442854160664 23.535033290069187 -10.111914949441632
 -11.203094010245696 23.248048115017106 -8.6222924237270622
 -11.056107909480478 24.563726536187072 -7.8633053498914904
 -9.685768970470777 25.169062013087292 -8.1538499293275848
 -9.5788603657770128 25.4977722914651 -9.6401863996905917
 -8.1827686076759196 26.033639933491511 -9.9442417781847059
 -7.1682504908209967 24.898155367906412 -9.8437241583805086
 -7.3792295708615585 24.140856824728864 -8.5358010932553654
 -7.0236458053475577 25.046165419785925 -7.3599386296063898
 -5.5147089086594292 25.271578309442731 -7.3287221117078571
 -4.7967361650860525 23.930229549511647 -7.4469365089570978
 -5.2212228428323861 23.237341342164957 -8.7385993877825729
 -4.5600878964555971 23.927810432794434 -9.9280652416701933
 -3.0463467616631754 23.936393332906995 -9.7352178650664438
 -2.3749240595683925 24.467759961026882 -10.998355649170849
 -2.5563010442643579 25.981075495716517 -11.073551938238619
 -4.0449702815017403 26.314452290997899 -11.11096603278763
 -4.2347314375703444 27.818433868403137 -10.935734418992913
 -5.7234006748077269 28.151810663684518 -10.973148513541924
 -5.9308791114444759 29.604141856276854 -10.553192795216727
 -5.2058443380119908 29.86189629646427 -9.2354055491571376
 -5.9639358450095479 29.186319850565788 -8.0962963652922681
 -6.0557524745700535 27.686846794167415 -8.3643005810639863
 -7.0917244944654971 27.0652602102946 -7.4320623643280399
 -6.9430678249118225 25.546578946767365 -7.4456422910021258
 -7.0104031995169667 25.041004347511958 -8.8838829773667065
 -8.3227381245589189 25.489450969013649 -9.5205529642349305
 -8.343254668671058 27.011591933775794 -9.6270515783601791
 -9.7032432473204988 27.467501860167019 -10.147871321612062
 -9.8150305861873139 28.984095632962529 -10.020895264077982
 -11.016148709692873 29.475334277454127 -10.823812350422815
 -10.757912535066634 29.256944567336401 -12.311863429058572
 -9.7459562264762631 30.285032701064811 -12.809513123915224
 -10.389933316595576 31.668429050410605 -12.823079553737465
 -9.4309002854812256 32.670522534769518 -13.459271579651791
 -10.074877375600538 34.053918884115312 -13.472838009474032
 -9.0708219798798151 35.078098580246028 -13.993995099378447
 -7.8238542626811789 35.062137387582617 -13.114510731926064
 -8.1999308458383862 35.460434705815203 -11.69022085627242
 -9.4402926159619618 34.685241679453497 -11.25518700575498
 -10.584329706646599 34.969142527766813 -12.224338925458358
 -11.862990094062122 34.315148292389352 -11.708591745391058
 -11.561844293646615 32.885688530274699 -11.267420582023416
 -12.845426460527626 32.223493398849556 -10.77488588397482
 -12.639005361378882 30.714008067552591 -10.688165849234007
 -11.3971087002761 30.416874530197259 -9.8526538241138422
 -11.367470030709718 28.933987211422405 -9.4937071023249526
 -12.491817648422334 28.625648405094015 -8.5091028086841582
 -12.247114235871074 27.263181467597835 -7.866856684433122
 -10.801585277046234 27.179370005036692 -7.3850915259356764
 -10.445646962544931 28.449952997325394 -6.6185389993749721
 -10.748075065319499 29.669183326993345 -7.4849630559834477
 -9.7674986946187623 29.719843752664971 -8.6531152303571801
 -9.9771207665927388 28.501213532132269 -9.5473607070277051
 -11.343606701144534 28.592340791198232 -10.220478834347984
 -11.457078794408103 29.919394340224848 -10.965280124670565
 -10.961108627330715 31.050547538960021 -10.069075887702033
 -9.6076306179282547 30.672829791648972 -9.4740106967942204
 -9.0770262187727884 31.83373900889115 -8.6376945120178199
 -10.115036203747328 32.222051521921912 -7.5886832330904568
 -9.6622906735672878 33.489054165344584 -6.8686819924929896
 -9.4163776893650066 34.595395475446267 -7.8905487694082375
 -8.9876059003331559 35.869577490384806 -7.1685439593567253
 -7.6521771300305534 35.633734709894959 -6.4687695797608269
 -6.5548194714194707 35.451727523076791 -7.5134492211026478
 -5.244424475037885 35.093013848003601 -6.8185640127599196
 -5.358756774689291 33.701529653807007 -6.2026290628200709
 -4.0246257614087089 33.312265204798123 -5.5723564010770232
 -3.7685746081203391 34.181233814194343 -4.344346888579814
 -3.3811638748574939 35.588910733907966 -4.7882326998626832
 -4.5251212872434801 36.203139582577769 -5.5899560686806637
 -4.6912573684061476 35.444603224580412 -6.9036140896785021
 -5.1987106522803037 34.034311666964967 -6.6168303955746044
 -5.0367513817344882 33.171088492386204 -7.8647450343036969
 -5.6736272752968953 33.876821352544312 -9.0584812808389472
 -4.7855819767622698 35.037699141964652 -9.4971318317117603
 -5.5398783891418404 35.905069344446375 -10.500815972324759
 -4.5653752280684632 36.863448976572784 -11.179438157184036
 -3.673817312437416 36.085584426062212 -12.143143103801281
 -2.7160172900754453 37.047599576348013 -12.840152406310171
 -3.5032310722812192 37.963673421986528 -13.772771927037819
 -3.9607613267384623 37.1739659842587 -14.995761799871431
 -4.5931962759347345 35.859942120296324 -14.546269508533278
 -3.6722984024524306 35.16739974684031 -13.545765551727706
 -2.4255753624917817 34.662041006979599 -14.266161419065659
 -1.801432590662547 35.80256124504092 -15.065120358527384
 -0.62864747225894391 35.26936437461115 -15.883015317195598
 -1.14526214454805 34.299755197203162 -16.942091954395078
 -1.9459047817093875 33.188924645379089 -16.268517272052058
 -3.0977726342623293 33.800052903811164 -15.475801243451158
 -3.7450482260400517 32.725263636094205 -14.607159580687295
 -4.7616908890775136 33.371409364745368 -13.670351493063217
 -5.6644409038104264 32.293657738818972 -13.076912495597881
 -4.8089618460467491 31.239717624128744 -12.379745502421608
 -3.6963499723363462 30.783740371597784 -13.319349442203087
 -2.6732149078437342 29.964704455339799 -12.537652053384971
 -3.3451964384897792 28.717559101067074 -11.970426095069868
 -4.0739938110705802 27.978260357697753 -13.088892794516838
 -5.3419350860107437 28.741062790981822 -13.461898653825967
 -6.2062787767718399 27.876692927288019 -14.375381397494053
 -6.3563207215880348 26.485044815296071 -13.767533598135577
 -6.9733725833223783 26.600524985825814 -12.376639162837003
 -8.45828366775884 26.928481353000034 -12.503759942206635
 -9.1822930094526782 25.762194475996829 -13.170289306653615
 -8.7540042438571035 25.66503047888078 -14.63172828619706
 -7.2470024593283 25.437033214169904 -14.706820687352474
 -6.5296333814849969 26.494574591951761 -13.872756037320217
 -6.9196544724546172 27.88443344537767 -14.367581174264981
 -8.439269590216437 27.981715009223013 -14.467492090612774
 -9.0553635359180547 27.76475372484963 -13.088350309956123
 -8.730175205448063 26.355662705693888 -12.601122386432955
 -9.5794485014823056 25.34385401393833 -13.365094925161259
 -11.041259534936284 25.491201243064797 -12.952695487066478
 -11.187281017668127 25.165497049275547 -11.469027564406957
 -12.663872355184047 25.191438270437274 -11.084734609725883
 -12.820560711337667 24.745087987612191 -9.633908574645254
 -14.21314486470704 25.118199167663459 -9.1337351816052195
 -15.266037331419277 24.486365954407479 -10.039759598586999
 -15.344400051345117 22.987959463524874 -9.7617069557176599
 -13.958589725255257 22.368031019186745 -9.9162852983247216
 -13.444310805252277 22.616612844222637 -11.331347229373085
 -14.471738186999286 22.115256326433332 -12.342144250197045
 -14.040573694309829 22.518361750168854 -13.749368183193774
 -15.127110225444339 22.126892809015796 -14.746798097835708
 -15.22515324452657 20.605922433301394 -14.822380388144751
 -15.252073888486494 20.026444776706619 -13.410942495626578
 -15.425122453811989 18.51210948727994 -13.485231291792127
 -16.747549076502963 18.183616663049349 -14.172222042841273
 -16.920597641828458 16.66928137362267 -14.246510839006822
 -18.092758213608256 16.334955553325752 -15.164629480494714
 -18.1886480686046 14.82185727853498 -15.337877125598171
 -16.904881828988906 14.299922398396452 -15.976785744195295
 -16.787655790858377 14.84008826880055 -17.399162237404717
 -16.753669263120077 16.365296227624086 -17.363643252712613
 -18.111765433127147 16.894694746575041 -16.911992944238694
 -18.267105186719522 16.682146419774174 -15.40887326512863
 -17.031669540215034 17.214843281248548 -14.688728267838982
 -16.776759304080958 18.658004402291471 -15.114148942259167
 -15.437066574338372 19.125529762896988 -14.552615838101044
 -15.182156338204294 20.568690883939912 -14.978036512521228
 -13.762625924983421 20.97132135865203 -14.588808935422703
 -12.773396273445313 19.950113396494483 -15.143096761866458
 -11.349408272650342 20.463720943189088 -14.950375560204039
 -10.363896771546177 19.477755823412217 -15.571113720602382
 -10.655530417136273 19.336694908831188 -17.062330550958492
 -11.935996163517157 18.529696084992576 -17.256846284687821
 -13.004358892916045 19.028079928903647 -16.287882599836987
 -13.1110246300595 20.547268389597388 -16.384654710563943
 -14.277865646706697 21.031538518737506 -15.528710504501262
 -14.338715045769819 22.555870405056062 -15.565934837753776
 -15.408667732099822 23.046817952323099 -14.594931359465663
 -15.368501966079611 24.570472543386419 -14.520504224819783
 -13.97203547355566 25.023496469525334 -14.104179042296012
 -13.523460739434574 24.231189813365184 -12.879553846363624
 -13.399211101917633 22.754920748615639 -13.245433165320486
 -12.13525982548412 22.539853708344108 -14.072989410533376
 -12.305942267597542 23.191398292589213 -15.442307912086246
 -10.962017263004016 23.218351064841585 -16.164675637068555
 -9.9940734919816041 24.121973255964949 -15.406237906039671
 -9.6249502334742392 23.470700550068518 -14.076475565400123
 -9.1462348265764142 22.043035031588381 -14.324020968389991
 -7.9222053938611072 22.066947339343493 -15.234985374601557
 -7.5932227609394065 20.645947836906615 -15.683546230350215
 -8.8493051767012343 19.985040178646798 -16.24402284187595
 -10.018535304885692 20.224684618343016 -15.293156158334893
 -9.6657296556736458 19.691635824548595 -13.907492722533002
 -10.877976597582768 19.817997646023588 -12.98925199053217
 -11.375536824217747 21.260575731590773 -12.998100036202402
 -10.192765386193711 22.208456597233685 -12.821324500727284
 -9.7337101599750238 22.184341425783543 -11.366208437388293
 -9.14817525839673 20.813556739556901 -11.039445185109004
 -8.9192053979769987 20.702971444082483 -9.5347792104009521
 -8.2198701093215334 19.38330861361132 -9.2215761326479804
 -9.1335893086859734 18.220633263567645 -9.5983774796646149
 -9.2516574430469127 18.137175013823814 -11.117512311138817
 -7.9572796832262664 17.575766143832176 -11.698960757328431
 -7.7066048724858307 16.181510946350173 -11.131606737729927
 -8.6679539342008525 15.188148878146158 -11.777916093219236
 -10.09291985026586 15.487596337405778 -11.321320695524637
 -10.473310266380253 16.905984512727894 -11.736235283644456
 -11.975076989145222 17.105016795122609 -11.552499438038799
 -12.307975887780811 18.590910706283243 -11.652367391171348
 -11.88999680884989 19.115569988247302 -13.023024944108966
 -12.602841798902336 18.319335106376517 -14.112308209861851
 -14.074646544323196 18.720067313629528 -14.155672820164225
 -14.803342756895987 17.871183097114439 -15.193494296495079
 -16.22190442545072 18.401683026941388 -15.380386289262901
 -16.168366396484213 19.884413773675565 -15.737204467251924
 -17.587713643134119 20.420811621153092 -15.899705983087062
 -17.533195148392721 21.876818201073245 -16.353301147259106
 -16.778371433955133 21.970289806399649 -17.676244917462615
 -15.288139082646577 21.754283201234788 -17.42880869206618
 -14.850981642697688 22.565179568179907 -16.212249423155509
 -14.783671540996748 24.043896002817096 -16.583117399857194
 -14.666661296618637 24.882630939155771 -15.313665427833259
 -15.678730294960594 24.390625828066618 -14.282974730651423
 -15.561437814986133 22.876203737137747 -14.136536331834794
 -16.368028804517468 22.417597894446072 -12.925021719188358
 -17.765056795507093 23.028934079876148 -12.982090631699577
 -18.410178723999678 22.700810242949679 -14.325529668283888
 -17.672471315807552 23.439209821219507 -15.438736676305901
 -18.167482023206837 22.942943577820326 -16.794229286105914
 -17.394799853616146 23.645321039787792 -17.907020446080093
 -17.628962091368521 22.917391088909199 -19.227611992707821
 -17.012984521513925 21.523030219594055 -19.156863144246135
 -17.891697608316651 20.621105183773292 -18.294847749464083
 -17.373392722348225 19.187523422435437 -18.364700299457787
 -15.854880630645379 19.186949667097565 -18.213714544643075
 -15.464005545482499 20.015591585880514 -16.993368184696628
 -15.973412175996438 19.33089626309383 -15.728309609079517
 -15.805427266126195 20.270485068541834 -14.537666947852985
 -16.470651249823959 19.658640692844486 -13.308114382306998
 -15.887415252040817 18.272273983781005 -13.050240151546525
 -16.007344497461997 17.425984226035695 -14.314394660310391
 -17.481064529260838 17.232192992500682 -14.659749876978262
 -18.143857135911496 18.594007562444133 -14.846412775431242
 -18.070152931528732 19.379709529008551 -13.540305540173343
 -18.684791103841938 18.554002726417355 -12.413760293283532
 -17.788610577472763 17.356103999175939 -12.1128033139161
 -18.264081818947691 16.672800135973812 -10.833858854972219


