 0 0 0
 -1.526 0 0
 -2.0353892671907348 1.4384709154066642 0
 -1.4084122156773131 2.2008800755799482 1.163747416478079
 -1.5334605365533531 1.3744574269983632 2.4404872190053917
 -2.9731859488450438 1.4286717647042555 2.9434062411040114
 -3.919799623275908 1.0019986936082828 1.8251269192071837
 -5.2951227882619003 0.69569970227631228 2.4110817978129773
 -6.1907812296861611 0.10432028476872779 1.3263042441855737
 -7.461454150074518 -0.45214790363190116 1.9622362253674028
 -8.2384639981887062 -1.2590309733949925 0.92595855617672851
 -9.5091369185770631 -1.8154991617956215 1.5618905373585577
 -10.363702637540152 -0.66415088829751689 2.0841841186766055
 -11.708714759830464 -1.2040056293492922 2.5618610486784976
 -11.526116815694595 -1.9151208826392234 3.899638716056657
 -10.489191717436581 -3.0245781928326094 3.7494161562959358
 -11.100210013484006 -4.1920853334591595 2.9798320358248089
 -10.018353169355628 -5.2251174901988406 2.6779937812010033
 -8.9968449086875228 -4.6265032122858569 1.715259228135861
 -8.5051120099331428 -3.2890386420495146 2.2612109472879571
 -9.6204139431105098 -2.2532449207133998 2.1520827442810928
 -10.714827144023497 -2.5743883102701881 3.165888775537252
 -10.097573265317102 -2.7151999461619916 4.5543576201352804
 -11.206977429639794 -2.8380182648872201 5.594941139497843
 -12.2264352942606 -3.8751665292649635 5.1326586068827575
 -13.409441454743121 -3.8914135001612462 6.0964575798003979
 -14.210892403720688 -2.6021579702366999 5.9409823247212321
 -14.848429187222361 -2.5626751203502511 4.5551021155230549
 -15.670154847487861 -1.2851832394283818 4.4086185552170285
 -14.742886266526321 -0.074325469321511628 4.4603141965554283
 -13.597474097339765 -0.26725820135570394 3.4706253951692729
 -12.754593985043106 1.0035309669270414 3.4129712013060431
 -12.164924025236708 1.2866578567038802 4.7916678694630424
 -13.294126411137041 1.447183284073227 5.8054772987173173
 -12.703527177431161 1.6560996748130914 7.1969594174763953
 -12.016550140309549 0.37334312099899813 7.6566051224651392
 -10.808135201524745 0.09576287825629215 6.7670217679892293
 -11.239413527653509 0.10879880274871989 5.3032919192520396
 -12.082601292667031 -1.1287330471773531 5.0096504484921178
 -13.389827459676741 -1.0521098186881099 5.7932093991403617
 -13.12134943147138 -1.3607895214733841 7.2633496609723238
 -12.376623282630026 -2.6878307162624715 7.3774576386280124
 -11.05077701418149 -2.5939970024243144 6.6277891074834656
 -10.178569068006919 -3.7946761137230833 6.9831747716860741
 -10.839482595639906 -5.0726915499728413 6.4747007274133521
 -12.309841145610555 -5.0829423480454086 6.8828877625664502
 -12.417713505455172 -4.9763434613619735 8.40133309623487
 -13.888072055425821 -4.9865942594345407 8.8095201313879681
 -14.005059141275474 -4.6814605793758197 10.300118487431011
 -13.270054879836126 -5.7540559332403456 11.098857457642321
 -13.788556935676372 -7.1322740995528289 10.698424811451117
 -13.730457450997474 -7.2770955436341378 9.1804237576918499
 -14.385348434020466 -8.5925207739540284 8.7687803880221384
 -13.90197002130305 -9.7114363139082851 9.6869575629549818
 -12.409831524359166 -9.9426773590280941 9.4662172517521128
 -12.156166152758516 -10.264105348661872 7.9961785016741818
 -10.74847781818732 -10.830530850579347 7.8341547272159291
 -10.612138777612167 -11.469573756569892 6.4551290456863208
 -10.615277271890418 -10.380331810967762 5.3863829889476085
 -9.3401637331785441 -9.5499771937295534 5.5015900765110963
 -9.2715695356838861 -8.558506707019454 4.3435930514489005
 -8.1703898500728478 -7.5368102888695576 4.6123228955995605
 -8.5489833419283112 -6.6858951364282122 5.8211596799796528
 -7.6438149746531661 -5.4589500253422099 5.8840239883477388
 -6.1842808974974259 -5.8984352059137368 5.8112981079533093
 -5.9583830515706175 -7.0736369793916367 6.758159742417404
 -6.1943031102587369 -6.621596048175749 8.1964492551421753
 -6.2884768167550744 -7.843634734924235 9.1055305282386829
 -7.5349741453677277 -8.6486457250411561 8.7493315451513016
 -7.5339878910324343 -8.9542426284465293 7.2542444039011924
 -7.3562177465659033 -7.6576619598582489 6.4694180883513708
 -6.0553779651730117 -6.9808332199159322 6.8917860794844312
 -6.0314144004654588 -6.8256334366747877 8.4096842232504745
 -6.9856333627779552 -5.7086732519052745 8.8226516766931269
 -6.37094348593864 -4.3572139706441853 8.4699617754987226
 -6.3327088939030141 -4.1952933649184052 6.9530584056648834
 -5.4396648021656304 -3.0125496117355208 6.5893752131472692
 -5.3013362137601758 -2.9263185609542397 5.072106150814915
 -6.6602348828440014 -2.610354598128414 4.4538528197623473
 -7.6704108671573454 -3.6745545113386036 4.873017495564091
 -7.887930169313317 -3.6042369044320983 6.381797395797558
 -8.8792630001766923 -4.6846594591503861 6.8044347364436542
 -8.1958627416809708 -6.048370440412711 6.7604751382594559
 -6.826557203228214 -5.9536725427133952 7.427341429605721
 -6.9617556009036852 -5.2396616727777641 8.7692005395273771
 -7.59392800684624 -6.1842561210859479 9.7874222135208875
 -6.7637719806344956 -7.4612227454974045 9.8816199432362275
 -7.5089188249723069 -8.4921924675514582 10.724551501893972
 -6.5494330961581939 -9.606784679412856 11.131672291660294
 -6.2433912192052139 -10.483149098857117 9.9204746307134073
 -7.5500136477212187 -10.974656263046965 9.3041674533667695
 -7.245686379863356 -11.810079711153763 8.0639543360391439
 -8.4954664835288334 -12.581906770421794 7.6504223746823943
 -8.9406295777356632 -13.483303311642899 8.7984598719057274
 -7.7494693835541772 -14.294156208054593 9.3007854358364099
 -8.102555019211545 -14.944837663137818 10.635184243503442
 -6.855263776815292 -15.588774570622709 11.233754052147672
 -7.2363141988241031 -16.365553456990078 12.49077081320568
 -8.4806969603761946 -17.204244140916181 12.213668883498325
 -9.6337024875117905 -16.288162041781963 11.813609085417344
 -10.779003038894141 -17.126139416308778 11.252577386861537
 -10.365598264912913 -17.718966513543112 9.9085801675064413
 -10.180754786727862 -16.596165498593983 8.8918074449171485
 -9.0456699525808695 -15.681698708340384 9.34348089865642
 -8.7111322077667026 -14.695834073833071 8.2277607636214753
 -8.1848900960896138 -15.45827053404847 7.015145456101469
 -9.3119587014209309 -16.287689827459008 6.406494493237803
 -9.9640621834118956 -17.1367572406173 7.4939325727108059
 -8.9548154479191542 -18.153066893910676 8.0204415617318165
 -9.4732055906668524 -18.758570708931952 9.3217150878963526
 -10.807001800054788 -19.453812056962679 9.064221127169553
 -11.900170343519749 -18.405559630344847 8.8776055177782016
 -12.144956036818439 -17.683917307638517 10.199720612025022
 -10.806863456885747 -17.323042827008138 10.838433267887432
 -9.9525498306324884 -16.556685717722814 9.832689260176803
 -9.9769247102593468 -17.279015624436564 8.4886947024831851
 -9.3355864196553142 -16.39451835690566 7.4233188154201049
 -9.5791809035591395 -17.00034939648701 6.0440775461378244
 -9.0288931027705619 -18.423226405733669 6.0082955274616436
 -7.5047225027555591 -18.381631600595572 6.0703427210759751
 -6.9685679995124881 -17.577946739479152 4.8891124333401592
 -5.4449852412544377 -17.660713045566968 4.866280059058167
 -4.87004001391296 -16.772075837604906 5.9655697834632617
 -3.3555622646852399 -16.94980581513629 6.0242656281272176
 -2.7892016891705467 -16.118408344157174 7.1717367361522433
 -3.5789859593223232 -16.403938085225345 8.4458597967654452
 -5.0105077192181851 -15.901647555515336 8.2811610575223185
 -5.7468060452888068 -16.782233683904643 7.2756219754802967
 -5.4753550730379148 -18.25066897160292 7.5897687174759838
 -5.6124149850999894 -18.484078454983621 9.0915711657272418
 -6.9543858589664378 -17.938650121152413 9.5714650147691085
 -8.0767627916039331 -18.856873136909922 9.0962676721666789
 -8.0551460920800917 -18.941411910930899 7.5727645005294466
 -8.5220560691432734 -17.614018191091255 6.9822587970437713
 -9.7920820692380044 -17.158116264701555 7.6949041454447293
 -10.7487218213089 -18.338625513935487 7.8360221713339007
 -12.008245716027073 -17.888600227355219 8.5707008766686172
 -13.079986353567515 -18.968489484153743 8.4528569167236114
 -12.531270047289022 -20.290593005120407 8.9816562123657491
 -13.645923962317896 -21.332593000665174 9.0030725378088885
 -14.045354796734825 -21.680720608547841 7.5720106323879968
 -14.743844604656744 -20.484041871786914 6.932676612322231
 -14.898259380262971 -20.725378871931593 5.4338142005460099
 -16.015374755719694 -21.736714199068818 5.1931274871561586
 -17.235934318246283 -21.355284514466231 6.0258469777583992
 -16.793849561821496 -20.989982779051928 7.439986896663215
 -17.973454058153237 -20.397068231970245 8.2052721847047696
 -17.644802403623995 -20.354827213007209 9.6948626607390853
 -16.258013209516299 -19.749844146709552 9.8935765772099593
 -16.281170197167029 -18.278800371312631 9.4883976478603493
 -16.753037612282188 -18.156094269190824 8.0423823107858805
 -15.687760753370508 -18.724111693930439 7.1089920285033728
 -15.972699496380638 -18.276084184412106 5.678342783074366
 -14.853986160730225 -18.760529360465323 4.7604814950593024
 -14.645465412305425 -20.259161431273604 4.9587162392925732
 -13.690523052245611 -20.786155506075197 3.8914588504273624
 -13.189254692421216 -22.169865078875308 4.2948864766260142
 -14.362217494468897 -23.145222747179844 4.3337668558934057
 -15.381294120146611 -22.67542707841594 5.3679094285631415
 -16.620037458574728 -23.564207379137272 5.3026367807722306
 -17.119500929236924 -23.63691486001742 3.8625236380997121
 -18.328427538683343 -24.565221283224279 3.788905450093949
 -19.505060686382141 -23.928471235949434 4.5229080475225132
 -19.138485090891574 -23.721051043000749 5.9896306512713764
 -17.879027925741781 -22.864550613494259 6.0837086157902647
 -16.712060376408342 -23.601470345040891 5.4327001303924707
 -15.42802702606182 -22.802264155801012 5.6356873769833227
 -15.660101020893652 -21.35177922227814 5.2222733973625086
 -15.867953379553914 -21.279517159028057 3.7122232024305042
 -16.82338045548196 -22.386555509044314 3.2759879514742702
 -17.246240276727558 -22.153349478057294 1.8284104859521666
 -16.012584704367978 -21.866360508056051 0.97728930780903434
 -16.42686002088973 -21.706932663437133 -0.48272258408806379
 -15.181808090435165 -21.668576990393419 -1.3642272822132071
 -14.39094670092898 -20.396262086357435 -1.0736605126812626
 -14.060186236063617 -20.33079350574247 0.41462285409882993
 -13.009832070657907 -21.385792996996933 0.74989617643104101
 -13.523394602581307 -22.763601360423074 0.34176183644310615
 -12.635923638657752 -23.841160550194697 0.95815252483099589
 -12.800840731220907 -23.830587322773294 2.475178088044216
 -14.258556020313227 -24.108255655323862 2.8310466495174875
 -15.130413112641364 -22.954219988186249 2.3444843312772159
 -14.546881661883079 -21.632603673773684 2.8359081437389779
 -15.330000981679369 -20.47257333515908 2.2278540799786444
 -14.70051550700475 -19.151207834017772 2.6596147191842414
 -15.660908941858692 -18.005456263589725 2.3537163877878693
 -17.060247627239928 -18.369773530359414 2.8413639785016467
 -16.99268990135819 -18.808765769713222 4.30129471913998
 -16.002372710686878 -19.961298764706157 4.4413502699527569
 -16.580116597018005 -21.211937704627037 3.7850041388903701
 -16.53507564337238 -21.057874129171267 2.267469385676312
 -15.097429174571614 -21.21845283961347 1.7816061245653489
 -15.028186741681203 -20.917584530408813 0.28716316948016951
 -16.091925468279744 -21.72991693350432 -0.44581158343808269
 -16.227402548154249 -21.218043821271419 -1.8770026530726212
 -16.339993659263151 -19.696248846202444 -1.8652002993218615
 -17.62102333074796 -19.285818172929751 -1.1446549203120302
 -17.875904335948885 -17.797719229670768 -1.366630613258897
 -18.121913010773195 -17.538799343138574 -2.8502465420859364
 -18.665988046582623 -16.1254110087085 -3.0373074185564657
 -18.794754431772819 -15.822207141705615 -4.5273284362201505
 -19.385390643539278 -14.427607538854609 -4.7141888468960387
 -18.611815011896841 -13.428034108667832 -3.8591393162876546
 -17.213947673013436 -13.235256123162795 -4.4400692184166601
 -17.320174171608219 -12.921895043107792 -5.929766088421772
 -17.933614372749421 -11.537163707948677 -6.1165446981506895
 -18.016933290309026 -11.213555553076588 -7.6055080019553714
 -18.270973789342097 -9.7200498677478109 -7.7887569930620622
 -18.354292706901703 -9.3964417128757223 -9.2777202968667432
 -18.657696746068961 -7.9120815525951445 -9.4601946884639911
 -20.072696423036746 -7.6174502502643815 -8.9706598992325013
 -20.34083795480074 -6.1178739993410538 -9.0603660116773614
 -21.609754674810116 -5.7799028824292957 -8.2829974492733758
 -21.380532890491359 -6.0382008434001788 -6.7965871637357722
 -21.40087673891821 -7.5408830990276492 -6.5316189270478695
 -22.606307454452725 -8.1648229480373242 -7.2289795617726176
 -23.855153402152155 -7.3445175774603024 -6.918884579682965
 -23.902701630853581 -7.0337903726424464 -5.4256117412058797
 -23.692577102588409 -8.3194305690946386 -4.6308457581091718
 -24.008892690766675 -8.0662560559378349 -3.1596139223459483
 -23.870972064314639 -9.3692428403348131 -2.3773867555421648
 -24.591464128563246 -10.489318445370472 -3.1223685166335047
 -24.268876361138265 -11.828108483376575 -2.4649079729935401
 -24.689906211764264 -12.965185235770869 -3.3914425508945838
 -24.028927497984402 -12.78270830138767 -4.7547052945900177
 -24.342570596202833 -11.388663055362612 -5.290374837288546
 -25.851683890772904 -11.234181191218036 -5.4558693018553441
 -26.189639712049392 -9.7664048162079773 -5.701010844290809
 -25.633190891788505 -9.3347908923802887 -7.0548018662688339
 -25.949551587699222 -7.8604235201065045 -7.2889658294599124
 -27.459056439279447 -7.6466130558982073 -7.2229644018180039
 -27.995029672247838 -8.2014373547889186 -5.9063100466807823
 -29.513621758702332 -8.05512400572613 -5.8724503531826446
 -29.880775798851793 -6.5778164783129709 -5.7655093402347797
 -29.034767459718211 -5.9200230101757008 -4.6791145485534358
 -29.555611952959104 -6.335718395447886 -3.3063092599112274
 -28.843073010918637 -5.528149829446388 -2.225199983620386
 -29.114797098127539 -6.1534834607477142 -0.85998942477096252
 -30.581446046328757 -5.9515961423831358 -0.49004568117771374
 -30.907821825572981 -6.7633560429221973 0.76023457324507249
 -30.041751513930745 -6.2817860417214408 1.9207036806475029
 -30.032947036783419 -4.7561092247351837 1.9508488509540929
 -31.457341099868291 -4.2350685076242405 1.7826402775666272
 -32.055663024107325 -4.7945075839972207 0.49511754192200463
 -33.561432474705391 -4.5471165048177076 0.48362773827006955
 -33.832777868456802 -3.0507315125091665 0.60964215047609227
 -33.209533987472746 -2.3184609311769293 -0.57527255553917578
 -33.986200076333269 -2.6518417449390963 -1.8458326758913539
 -35.483642758635078 -2.5662457890026342 -1.5647370595113421
 -36.257104025151492 -3.1581720436854424 -2.7394953232473229
 -37.755297388860427 -3.0275450636161327 -2.4805952710718651
 -38.526079661132712 -3.4345078430861267 -3.7331734063100597
 -40.013484676143605 -3.1631271387803843 -3.5266429372481372
 -40.754659667895574 -3.356654633009629 -4.8464469911056742
 -40.218532263389513 -2.371276300928574 -5.8809869607553331
 -40.690531023599696 -0.96203164279157294 -5.5346884423173437
 -40.093650162569944 0.033020393698940942 -6.5257891851343555
 -38.578959960676777 0.083391921446574965 -6.3473170543094604
 -38.24664727989574 0.30335362042280495 -4.8742722032694203
 -38.64034676952555 -0.93421146859485349 -4.072954936320861
 -37.944940804515554 -2.1610598950049567 -4.6559896543639114
 -38.415038182368853 -3.4115877627466769 -3.9185179550175806
 -38.229815495131888 -3.2169501278111379 -2.4163579278568985
 -38.900648127832227 -4.3648885740867165 -1.667427422091037
 -38.337361503811245 -5.6940148377308297 -2.1622077314106916
 -36.864066662783578 -5.7973875596186533 -1.7782905635597053
 -36.116651502997549 -4.5698261753807126 -2.2912619339594782
 -34.624125465038688 -4.7307990617108242 -2.0171638568386454
 -34.075271895446058 -5.8866689256798415 -2.848668887920021
 -34.987635451476038 -7.100606242946558 -2.6982530264705629
 -35.027750798911832 -7.5293961285363462 -1.2342837669176288
 -33.609328549867463 -7.555462945764944 -0.6720784268011798
 -33.622320147694502 -8.1942632808671689 0.71372146865961528
 -33.889720726328967 -9.6908890183891536 0.58225157730537869
 -35.194020740702058 -9.9103782455842584 -0.17886730411303087
 -35.423574078684112 -11.406152424183805 -0.37544011926332327
 -36.727874093057203 -11.62564165137891 -1.1365590006817328
 -37.896241045935845 -11.10079118851138 -0.30702500195185711
 -37.578902184743193 -9.6917494997339872 0.18549257790115259
 -37.063631436920659 -8.8494411519846814 -0.97798870847615837
 -35.812597881728017 -9.4991137570386464 -1.5623828819793044
 -35.11584189545102 -8.5137744352611069 -2.4963601389540697
 -36.036131694594559 -8.1850782386399512 -3.6684102641275129
 -37.234578491453632 -7.3849482251226126 -3.1662218168620075
 -36.756999961443775 -6.0453462260505528 -2.6129938062228808
 -35.942246474707268 -5.3159819918599194 -3.6773624311523161
 -34.884121451259418 -6.2585427479313438 -4.2436014759624747
 -35.542612839325102 -7.5687933191757004 -4.6658674258058435
 -34.466545568449298 -8.619236008738044 -4.9253387816332177
 -33.823068203416888 -9.0266957148324476 -3.6029963643296012
 -33.501941669026976 -7.7780337876699068 -2.7866648504423734
 -34.800471045911088 -7.0862158540777189 -2.3818372277075208
 -34.497551715176236 -5.9884327906694441 -1.3660674581430516
 -35.722129493191339 -5.0924391631511288 -1.2039542722570293
 -35.923460629383435 -4.2703081432330148 -2.4736953323507649
 -37.264078661747213 -3.5447095583299637 -2.4035099714290094
 -37.29796417048513 -2.6559692451183543 -1.1634823798125713
 -36.058454996817417 -1.7661579752645027 -1.1404842834865139
 -35.829977562748297 -1.1749618664967683 -2.5286345718555516
 -37.134475228128146 -0.57835163105337373 -3.0492285287765433
 -38.197229860240725 -1.6703983334813621 -3.1308532287108877
 -37.639965040384688 -2.8673317273388053 -3.8960214267037734
 -37.248327656137675 -2.4333170482750437 -5.3056055560189774
 -36.082238381645951 -1.451824699149781 -5.230875558535466
 -35.819758820570954 -0.86626859416153568 -6.6153987717496143
 -35.647097910159005 -1.9990565356117296 -7.6231962165373597
 -34.342343294694409 -2.738128047563789 -7.3402391638867917
 -34.272642190961506 -3.0998862367985436 -5.8593783437352274
 -33.115482974282024 -4.0667262078482471 -5.6251156330143433
 -31.791536607449054 -3.3251258590331751 -5.7859600932456541
 -31.759436039350469 -2.1288824187167616 -4.8390455326713342
 -30.516726100276685 -1.2893010099541347 -5.1209161863182731
 -29.279033385696071 -2.180881735484574 -5.0775969742220024
 -28.055590923640324 -1.3751144615680553 -5.5049184484355873
 -26.791114906051877 -2.1828486315636457 -5.2268143104491989
 -26.944902099875179 -3.5857739726387772 -5.80718142390855
 -25.734490612522187 -4.4316874127424759 -5.4224601181094014
 -25.852165092038916 -5.8110137366520203 -6.0645563796158894
 -24.547059746856803 -6.5771491791846035 -5.8685652531013606
 -23.471935380263268 -5.993684064292756 -6.780898556264769
 -24.006255772637605 -5.9078993122592447 -8.2077197414913687
 -24.242927343073212 -7.3151047525580326 -8.7484927220858086
 -25.039164763560148 -8.125187031995015 -7.7294497049572612
 -24.280011986328127 -8.1665090076180658 -6.4063262960677232
 -25.185720473935042 -8.7334993700446759 -5.3168814537778122
 -25.477432501724184 -10.202332282299501 -5.6103264549622107
 -26.128210195653352 -10.327688156038414 -6.9848992242266599
 -25.302499753804785 -9.5577073909636141 -8.0115480870989781
 -26.041175574288765 -9.5362124267527246 -9.3466780428507938
 -25.12554336275883 -8.9663779221785713 -10.426299407314042
 -24.442148386219866 -7.7067649563740197 -9.9018735475222854
 -25.493856903974756 -6.7493000056872514 -9.348840038692888
 -24.804091359008076 -5.5344653687102401 -8.7347746531045889
 -23.942859816872158 -5.9793357162991327 -7.5561964398890735
 -23.138511278526199 -4.7914292773638554 -7.0360255821925071
 -22.240512204031582 -4.2579538770141996 -8.1485352043659685
 -21.05918298562915 -5.2033300023736562 -8.3470327090077063
 -20.20380760167351 -5.222018384775609 -7.0834427055311462
 -19.768207797990264 -3.7998998096769903 -6.7421106540174538
 -19.196703629236236 -3.1293086316025009 -7.9880506433369192
 -18.715495550322505 -1.7247935262987433 -7.6352729459669133
 -19.913697814485928 -0.85151117404325138 -7.2742116389943732
 -20.780157242488933 -1.5748432059725836 -6.2472185371627971
 -19.9263996414677 -1.9630636805755219 -5.043449945697855
 -19.414663565101659 -0.70162648450267406 -4.3538280286234965
 -18.655336054362774 0.1572031453435675 -5.3610566016560597
 -18.272615094495432 1.4844760701159698 -4.71256045668349
 -17.231815162406455 2.1917775818418699 -5.5757731030654778
 -17.734614922937865 2.2752270049354877 -7.0141418299901312
 -16.672931736272215 2.9379510376089999 -7.8872407176703172
 -16.353546482385326 4.3247992846455574 -7.3364948604083811
 -15.098030555795113 4.8654990757061789 -8.0147274857112869
 -15.257034216831675 4.7722068196948015 -9.529551036738015
 -14.195757589047052 5.6342836525180582 -10.207187704597327
 -14.488793604716706 5.7215325890661095 -11.7022440635991
 -13.266993745831167 6.2758470390430388 -12.429304305514446
 -12.041455153415962 5.4369921491313216 -12.078514294008826
 -11.729086389326785 5.5881192901841015 -10.592491971680335
 -12.997930772144336 5.3509833210358995 -9.7785653998518676
 -14.014834633741492 6.4453392963012277 -10.089961507197193
 -13.407811714411473 7.8094361079511385 -9.7746219063625404
 -14.386552660198285 8.9082532593349875 -10.178779089726858
 -13.870498168107924 10.256871053836553 -9.6852268578941558
 -12.473745254813254 10.504632388011631 -10.247696075265727
 -11.466368334616861 9.6213095270137394 -9.517210987194737
 -11.516538207562331 9.920811697199122 -8.0217319890463745
 -12.820759599942196 9.3847677088813573 -7.4383458371306324
 -13.977326008341006 10.284143802465275 -7.8651394467983078
 -15.278023402827301 9.7623098568137134 -7.2613583431338791
 -16.387166014063389 10.788009048771944 -7.4768109726295133
 -17.69351858522106 10.255442799061646 -6.8950101910047374
 -18.040782201307199 8.9248955197070039 -7.5566202864119107
 -19.320647436853562 8.3679961542283738 -6.939786373944953
 -19.04901393874923 7.9432187428684031 -5.4994893929351774
 -17.806256563901666 7.0587686499896982 -5.4550131018488557
 -16.612726273687148 7.8288905062741616 -6.0127529810159919
 -16.935856955147056 8.3188913242622284 -7.4213557500996785
 -18.309715155454583 8.9830885171918027 -7.426989075244057
 -18.590534354835508 9.5608153408268723 -8.8112030379360746
 -18.203605698342411 8.5399019046104119 -9.8773634248090332
 -16.68298800881205 8.4538331518456431 -9.9721790990660502
 -16.119533951605927 7.9267765968522506 -8.6555899781720615
 -14.608997990971094 8.1414034719164103 -8.6257166434211232
 -14.006193169830992 7.3587629621217543 -7.4626275754480123
 -12.490211086418096 7.5333318986243736 -7.4625317663208159
 -11.869823654497727 6.5980723017674272 -6.4285661378775005
 -12.179752782036898 7.1123246980019825 -5.0256533077737284
 -13.684175672877776 7.0445583186905294 -4.7790859065445002
 -14.034989180882864 7.8653448151790046 -3.5413802025165637
 -15.539412071723742 7.7975784358675515 -3.2948128012873354
 -15.907150671379526 8.7165630822908771 -2.1333862896382563
 -17.420150561711313 8.7061251658750596 -1.9348960335629564
 -17.790134883167681 9.6442315305802389 -0.78958208080761927
 -17.467108014979249 11.082410229422559 -1.1845145720317967
 -16.008757649393452 11.174585034755493 -1.6242804375301962
 -15.719150778578269 12.582626768313933 -2.1363569327282561
 -14.248548130245609 12.689198005154479 -2.5296080257911804
 -13.886536476223419 14.154332895488867 -2.7554471620738519
 -14.896293316111089 14.787482421887221 -3.7084365647019997
 -16.310769037611053 14.418386883899394 -3.2705976478335099
 -16.503369324255406 12.909275231222242 -3.3896066783248666
 -15.578534859530794 12.19855576764763 -2.4056173201742279
 -15.824795312677011 12.73347671845168 -0.99782068514235722
 -14.675302294656287 12.31498097431327 -0.085569012817448553
 -14.883757639370444 12.912181931891292 1.3031618414260735
 -14.923873718928489 14.434317194286965 1.2023107475673789
 -15.826592067758826 14.844349813847561 0.042289698800913822
 -17.281391299904193 14.557799148003427 0.40301661774857772
 -17.641242440263916 15.293178167380152 1.6908057521344371
 -19.014586971369859 14.834429541713501 2.172625736496121
 -18.953380622527746 13.358391254650543 2.5550401164370649
 -17.699148146821521 13.098686285020323 3.3845762673269095
 -17.688502131949004 11.645636582056452 3.8506333701414581
 -16.347549849270294 11.331232971891767 4.5076518976535187
 -15.270412493756995 11.208599018087625 3.4336816789173925
 -15.613585025571183 10.053301193486524 2.4976285020731783
 -15.51457182917386 8.7343734315066683 3.2587473795279034
 -14.168206650658774 8.658270840657309 3.9730198777720944
 -13.051617320541419 9.0096677138212193 2.9940283020174085
 -12.88652449632429 7.8790753902201169 1.9825040278617079
 -12.387754942834738 6.6258511512731761 2.6961803826806405
 -10.920790017758931 6.8057648513349163 3.0760763804581446
 -10.788187085056592 7.9626937528774819 4.0622852726377854
 -9.3116675586569393 8.2231438182305023 4.3464187828369356
 -8.5598813305220904 8.3838213008649625 3.0282093101957432
 -9.3557809290369711 9.292087428764507 2.0953253570728672
 -9.408272371601301 10.701174340521742 2.6787589210473053
 -10.06093104534356 10.657662453648559 4.05746098142499
 -10.023859706609985 12.049183355908292 4.6827379555882009
 -10.631615264713703 11.995479005388766 6.0814605958315244
 -10.915556536432614 13.41359877893337 6.5682764358535985
 -12.119786263965793 13.977605025488007 5.8196752622152861
 -11.841762286019701 13.958070186015984 4.3193429464486179
 -10.530208712005713 14.684397961494531 4.0348237290669866
 -10.086630248947777 14.393165837644682 2.6040554050015539
 -8.8583101488200171 15.234876354222513 2.2702453723417375
 -8.4296217659392507 14.962137269863156 0.83131672148866831
 -7.3133873293227829 15.926620114100439 0.44084325800694008
 -6.9702586941281615 15.738318864130473 -1.0341080560943643
 -8.2179650498980674 15.971550873405457 -1.8811663065239768
 -7.9064842862377995 15.662555310163476 -3.3427330945177127
 -7.2587665764826506 14.284646833862316 -3.4452318721050794
 -5.8946316464766131 14.310912863736801 -2.7617686408980213
 -5.3678666308369145 12.885644840675447 -2.6210359839315891
 -5.2312544728808383 12.254233919974826 -4.0035457913176051
 -4.3767202654920228 13.153611455480569 -4.8921218077787314
 -3.9910099215957273 12.398136320394347 -6.1606488476473329
 -5.2495985935527756 11.862069885919771 -6.8368613384008281
 -6.0784973313994621 11.078946193338105 -5.8228001151438873
 -5.1965035535800608 10.038124777839544 -5.1390942157051196
 -4.3487526952044657 9.3217285301718569 -6.1863625186967841
 -3.3618250582090976 8.3882721241355203 -5.4911582484535657
 -2.4379171334046554 9.2031092163701445 -4.5905414267129832
 -1.4192210884268792 8.2760254653724168 -3.9336928242309792
 -0.3770050147833599 7.85230420203915 -4.9646738845993479
 -1.0795471994871382 7.368298837511932 -6.2299206138266765
 -2.1834574209756497 8.3518770182601205 -6.6075873786461568
 -1.6400968456380016 9.7764433289305401 -6.5439783252689043
 -1.3421465711797587 10.143674178883758 -5.0931016465698393
 -2.6291256402525143 10.076021070676523 -4.2759211691240919
 -3.6027302144735311 11.142278987155461 -4.7697472403291785
 -3.9222632026337312 10.897792554272808 -6.241753032985466
 -4.8744506233438232 9.7118162732577424 -6.3661531001521441
 -4.2279020850251969 8.4729750448071179 -5.7530271764717513
 -5.2626266054366786 7.3560150548409684 -5.6509411947015691
 -4.5982875838949031 6.0943389160433821 -5.1073393318960143
 -4.1296292247414375 6.3415828547022999 -3.6762887467691492
 -3.4431812194706874 5.0880706940096347 -3.1413379087892892
 -4.4113632300187424 3.910293606325451 -3.2056863833416998
 -3.669922869645053 2.6219471200822086 -2.8605697025023571
 -4.6733048848740868 1.4827379212427674 -2.7053185099322024
 -5.1832651914609515 1.0621182132488853 -4.0807077446410203
 -3.9994788616934818 0.71130172984262074 -4.9775096851084024
 -2.9696669258393031 1.8362031646055605 -4.9249726615870628
 -3.542336431923176 3.0827064940071702 -5.5935196581342712
 -2.46321318469032 4.1586262817043869 -5.6745482192909682
 -2.1469427978220952 4.669532121960251 -4.2718279104686401
 -0.99930950969610555 5.6728804151800079 -4.3418710291746327
 -1.4606741843590261 6.9234656698115646 -5.0847405721438141
 -2.4649099718626308 7.6854164790574639 -4.2247304283742935
 -3.731540951239074 6.8504151494471488 -4.0601256239705048
 -4.3150198044874823 6.5337140984656745 -5.4341448640538035
 -4.9040040924847093 7.8032847381086068 -6.0423914418896141
 -3.7866790705916449 8.8098809713718023 -6.3012829609317453
 -2.9081338726580439 8.9264343659640613 -5.0590069684901442
 -2.2803863133271505 7.5702940298487222 -4.7499885377857272
 -1.1881068554446375 7.2697439485135771 -5.772373609320546
 -1.789998747156627 7.2661101959766636 -7.1746535195145826
 -0.69771928927411397 6.9655601146415194 -8.1970385910494024
 -1.2046761713938987 7.299432729340702 -9.5971099452400566
 -0.13059522138673052 6.9523057672546296 -10.624012562348675
 0.31502248219360812 5.506301940969399 -10.426088848195484
 1.2776146870889133 5.1125253291292356 -11.542794819811295
 1.6844447861500469 3.6515845038243508 -11.373038596198354
 2.5216261011141152 3.4998393840419744 -10.106240717885797
 3.7346841705949108 4.4224194816834084 -10.183778344257632
 3.2939655349474295 5.8047062145539368 -10.656775672287168
 2.8373390255726432 5.7239859815376546 -12.110616267028533
 1.5099411363414486 4.975061507309352 -12.186793531132466
 0.38504308921389652 5.8807741608117556 -11.69387875872836
 -0.9624493427428491 5.255642419221398 -12.043379046962048
 -0.99227814214660259 4.9068899539937192 -13.528693141934449
 -0.66805176944847267 6.1510370255060103 -14.350673265595804
 0.81825056608753277 6.4725728759757954 -14.223409507035802
 1.1572071593659061 7.6718468346210678 -15.104049274471016
 1.0933099317504467 7.2600961151130825 -16.572059659069044
 1.1601711411024649 8.5040649698174811 -17.453392211065928
 2.5734235808147368 9.0785965014283931 -17.417238914783823
 2.8618709398007738 9.634474000756331 -16.025666305526645
 1.665765269673424 10.451438998063722 -15.545483612102908
 1.9338981565644575 10.965910098652458 -14.134065799537675
 2.3949500976643217 9.8107938513564061 -13.249863581241051
 1.1993692417624155 8.9304225037628253 -12.897431024094214
 0.5508265761313863 8.4151519016815062 -14.179056795326552
 -0.79055432017182314 7.7679702383018281 -13.846597496136649
 -0.60230866172839836 6.7549361018865142 -12.720985924352487
 0.36579871831632393 5.6653493064654938 -13.172920339889773
 0.63136462841815244 4.7075987467979967 -12.014963253962875
 1.4363694473038153 3.5123195347273564 -12.516910309699416
 1.6592889455249593 2.5305423470576334 -11.37013376168141
 2.4642937644106224 1.335263134986993 -11.872080817417952
 3.6711662800301887 1.8302897336692416 -12.663966792567855
 3.2270491254919875 2.9082212570728685 -13.648598492188356
 1.9791127608955448 2.4377615563809401 -14.390217329558741
 2.3296339382184597 1.239985291705918 -15.268364768221087
 3.1285674772442351 0.22715094672495417 -14.453166761693433
 4.2927176306561758 0.93289260302882704 -13.763703829500304
 5.1628317038517526 -0.097932613617664255 -13.050277678905411
 4.3101157126784617 -0.88706405370321617 -12.060922834238553
 5.119178335380159 -2.059053098043635 -11.512711786837089
 5.6638352214510013 -2.8885770573871294 -12.671985213311896
 4.5097101243763955 -3.3367166861107194 -13.564085058323618
 5.0617015517066939 -3.8569051053757977 -14.888239683968331
 5.761838799948297 -5.1932000111523671 -14.658457703777991
 7.1088637598648345 -4.952965722695474 -13.982819306400085
 7.7420037087422449 -6.2927016458542333 -13.618240835651488
 7.676896492752638 -7.2307441475732857 -14.820119912511831
 8.4610608801824423 -8.503951960935451 -14.515646469531491
 9.8444743154645966 -8.1360192335012922 -13.986998405916751
 9.6992074195073812 -7.2492069912221115 -12.753654343668646
 9.2896220031853449 -5.8431803810057419 -13.182612334735017
 10.465850276584748 -5.1581445962797376 -13.872459435548389
 10.891889832832726 -5.9779815961337741 -15.086969044477971
 11.893378259048436 -5.1783967137443812 -15.915438083133155
 13.060947368856674 -4.7516062965568384 -15.030391014543914
 12.557454134042228 -3.8054218125755535 -13.944156470456367
 11.358463046810263 -4.4322225514826759 -13.238311440408182
 10.994501343175031 -3.5973424486717427 -12.013900115641349
 11.006230090407193 -2.1171585688455599 -12.384836927498833
 9.9381322787321853 -1.8482192172456258 -13.441016216188016
 10.268964661487059 -2.6282441877512932 -14.710184045873394
 9.1165982633502534 -2.4994160119268933 -15.702217808181354
 8.6931802193755381 -1.036872996183519 -15.804007233647985
 7.47755292700898 -0.92100852230712005 -16.719158428668141
 6.4479792365838575 -1.9798139159428436 -16.334990295694809
 7.1006744842919991 -3.3588957669364259 -16.363242054564804
 7.4005366873142364 -3.7510519315887194 -17.807185336596262
 6.1922983552041515 -3.4321440029108263 -18.683047121266732
 5.0451342139887014 -4.3750148921319454 -18.331358453026319
 5.5186745507858728 -5.8206436154668157 -18.452160537839195
 5.7399499557733096 -6.1629858596341247 -19.922709749190538
 6.7417555442119985 -5.1841330834400825 -20.528439726581578
 8.0428531172433111 -5.2289646015444697 -19.732317097562401
 7.8330499171721621 -4.5627888958955101 -18.37553098824268
 6.7953526803501205 -5.3473680368849443 -17.577849337321648
 6.7297684927130099 -4.8033664506267222 -16.153617267580049
 8.1232844767399346 -4.8328633610491529 -15.532393367092531
 8.7090111550190112 -6.236038280378323 -15.661623410494441
 7.8219431869656235 -7.2289702633679767 -14.916054837384101
 6.4556176507113143 -7.2987632076037769 -15.592042613837339
 5.8045669975048071 -5.9188156684513977 -15.568508890234911
 4.4078800405514782 -6.0040782853026533 -16.177337134031177
 3.5290230183547759 -6.9027663357226494 -15.312093744823393
 2.1323360614014475 -6.988028952573905 -15.920921988619661
 2.2220381180682995 -7.5939016938861172 -17.318615718434774
 0.83193087675637512 -7.6333412768532458 -17.946885069069872
 0.87075592803715951 -8.4783142580505384 -19.216998952325827
 1.6384028236420036 -7.7302742596119121 -20.303198935940312
 0.90271593142471052 -6.4389392414354898 -20.649457029637603
 0.68987578200291222 -5.6180582470202953 -19.380784706379171
 -0.42606354883204967 -6.2447812813304724 -18.549777096209095
 -0.68978703372915773 -5.38282281559996 -17.318455234602979
 -1.2036228610560435 -4.01399107872943 -17.755431685560264
 -2.3988757936370781 -4.1922557751037406 -18.687240746035062
 -3.0500370601848816 -2.8365498890639445 -18.945555583984476
 -3.8226180982406408 -2.3978524742261578 -17.70485452496532
 -2.8412134086143963 -2.0684242764705054 -16.583695349066112
 -1.8080034679776991 -1.0657249116614793 -17.089409895407233
 -0.98188560013821513 -1.703301190948844 -18.202828844647073
 -1.9094338705038565 -2.1755153615791323 -19.318778656779127
 -2.855859340377267 -1.0434115129761106 -19.707746143791912
 -3.6159107238503712 -0.56790843405240365 -18.472879869082533
 -4.7779284405219853 0.32338557677091173 -18.901815543061389
 -5.5814941594490168 -0.37748765130810058 -19.993481633735318
 -4.6386357466105803 -0.84909411279741942 -21.096786378047256
 -5.4276635453413844 -1.6362214761431977 -22.139159462265308
 -6.6142066353734137 -0.80332213982800937 -22.615678287772635
 -6.1162679720934365 0.32558892290921226 -23.513616425976142
 -7.3028110621254658 1.1584882592244004 -23.990135251483469
 -8.2893161322590601 0.26165239695287335 -24.732542944563431
 -9.5908634750498472 1.0223815650586365 -24.969062811101686
 -9.3166510101848168 2.2406603325478582 -25.846149106056465
 -8.3713338503727801 3.1910030500988125 -25.116834231285161
 -8.8244950957736776 3.3479593358163982 -23.668150135272381
 -7.9087140923846384 4.3366330671042519 -22.952227369261248
 -7.7579491914883185 5.5967859584159987 -23.79955294728677
 -9.0329394280137034 6.4299081794445723 -23.704772877687308
 -9.2382882380527125 6.8846130158926275 -22.262638564273253
 -9.2366608396055163 5.6690322129999977 -21.340122080294176
 -9.1164790774520394 6.1299545482977802 -19.890369361769654
 -10.16616703147443 7.2008910532926667 -19.607657138034028
 -11.542197181636716 6.5498548491931512 -19.501032155989666
 -12.543746476084292 7.5624745366233794 -18.953148610498303
 -13.934285151283028 6.9349873344465678 -18.916569875135021
 -14.407870619525509 6.6626177117944865 -20.341423408985371
 -15.633555023890985 5.7542591807885692 -20.305947782931241
 -16.851384399556842 6.5591411944759335 -19.861276493316318
 -16.976901585468728 7.8116070772546689 -20.723976121527642
 -15.634776350698855 8.5364831422987582 -20.76791408370185
 -15.223665793133106 8.9334288140694778 -19.352958874827596
 -13.881540558363234 9.6583048791135671 -19.396896837001805
 -13.458494664256087 10.033301527208614 -17.979474639702609
 -12.167014978974208 10.844526983766096 -18.031141661459593
 -12.388522688438375 12.102176114708465 -18.866563110841735
 -13.403425696544085 13.004154616201763 -18.170084348077353
 -13.606315641572227 14.273119315903882 -18.993030434474452
 -12.339792130253713 15.122686460475787 -18.939833985896829
 -12.445937127159965 16.259305022477257 -19.952507420003499
 -11.333319708389604 17.272574731903632 -19.699440283836676
 -9.9798093224293858 16.571513708790199 -19.771544908992624
 -8.8636637895677097 17.606908576864665 -19.667369016205985
 -8.80944173274119 18.156065313564092 -18.244638245086218
 -10.106628013605775 18.897818482464473 -17.935145128583013
 -11.294358046693056 17.972764287359734 -18.184640829190297
 -11.112862519305052 17.260048084997759 -19.521716364988027
 -9.9570150821084624 16.269123365505614 -19.417981596345111
 -10.192701421824488 15.333531066633624 -18.235697789654601
 -9.0493307530405911 14.326801382802177 -18.146957396049345
 -7.8000408498936649 15.020700261788482 -17.611742407809476
 -7.5059297577539388 16.259835662475165 -18.452407694499335
 -8.7850500142750541 17.074042995568874 -18.624436145906952
 -8.5271730331113922 18.230756375688706 -19.585783959571486
 -9.7844019792549393 19.088071777759492 -19.700071659482301
 -9.559807252938743 20.186068285144945 -20.735753501883824
 -10.656595398874877 21.239298793886096 -20.60754563008674
 -12.021297538216283 20.575880225758212 -20.769223935186854
 -12.277702937911538 19.643859992239907 -19.588431593020161
 -13.729260536579673 19.173880521160971 -19.616285399098889
 -13.985665936274929 18.241860287642666 -18.435493056932195
 -15.339490843740062 17.559591824493992 -18.609687959612149
 -15.276516271638952 16.597247482068784 -19.792313669577389
 -14.739148292044851 17.330723305581071 -21.017844114254238
 -15.825231337089424 18.241414484040639 -21.583300741010468
 -15.304450941624323 18.93723896589643 -22.837610140699891
 -16.353234381796913 19.922011450918447 -23.346483846410077
 -15.803428354436832 20.671538287489213 -24.556689966679947
 -14.665897582679211 21.587732967039305 -24.114777019971527
 -15.101263410282973 22.385408639594893 -22.888870776587559
 -15.684326997093212 21.43729859247723 -21.844935820620272
 -16.142472556759738 22.237781405420787 -20.629203155788186
 -16.954972394933389 23.444338010810117 -21.090441891107623
 -16.027696732295276 24.460575579443695 -21.750818336460323
 -15.184533087805113 25.150491344610888 -20.682283215098494
 -14.110072930843357 24.18926763075979 -20.182022939809791
 -13.464459111629344 24.758140233186058 -18.921767902665099
 -12.938589395077598 26.161788963577813 -19.207962387034222
 -12.121371067199497 26.652392056100151 -18.016266616215368
 -11.353999600918156 27.911698351842823 -18.408649957146146
 -10.363923354655364 27.579000154278738 -19.521186219891632
 -9.5973558796039491 26.310386318472013 -19.158323653907001
 -10.584377635687471 25.177653010802519 -18.891154593733798
 -11.243161649666842 25.386356647965211 -17.5305949975528
 -12.126611478954057 26.629726219855584 -17.577759675326014
 -13.264171662659395 26.408971007496881 -18.570684629521772
 -14.22503837589198 25.359457955860684 -18.019382975391487
 -15.349164231004556 25.12059921152807 -19.023356860571361
 -14.753956440839127 24.893498712451773 -20.410017976289833
 -13.670237140380081 23.822135682111092 -20.32995715546155
 -14.312145368238065 22.469219845485942 -20.036276093734731
 -13.24514925107659 21.379102471641996 -20.079164287982373
 -12.816244647508393 21.142703104911263 -21.524443562187614
 -14.045981275599528 20.850358912265751 -22.37940478853498
 -13.614683790839523 20.589460288903663 -23.819748632194322
 -13.099565243604388 21.885133729813859 -24.439877019557937
 -14.235774508905639 22.901073650093085 -24.514513363429671
 -15.261839879373937 22.442825666631631 -25.54692541352361
 -16.48910228037494 23.347391867400979 -25.481633855762539
 -17.146743228630779 23.215544468541097 -24.110940364645376
 -18.298864720818777 24.210125627169013 -24.000938609474105
 -19.467029702452674 23.73342633737867 -24.859323350017391
 -20.590625285236619 24.764751106985546 -24.808547509860524
 -20.032760407630136 26.143125037400043 -25.151400373763817
 -18.951246195709992 26.520175264901646 -24.143017442851338
 -18.025465360894422 25.327892431301024 -23.919259782447575
 -17.004647985274964 25.671442829500378 -22.838250527385267
 -17.733113707270316 26.073464510827229 -21.559035041385808
 -18.756989951240019 27.159742484651773 -21.875821405704169
 -19.875588912432075 26.571574601546089 -22.731082129286712
 -20.636512955013412 25.523564620750122 -21.924022229667351
 -19.710863350065914 24.351777583141349 -21.609754911365716


