 0 0 0
 -1.526 0 0
 -2.0353892671907348 1.4384709154066642 0
 -3.5364764193407288 1.4472930175249827 0.27447319024712424
 -3.8208406410190281 0.70190554397192018 1.5753231061480624
 -5.3219277931690225 0.71072764609023875 1.8497962963951866
 -6.0301701323986912 -0.1847629413771138 0.83729177952631684
 -5.6880690242740721 0.27553811049782334 -0.57683896883563479
 -4.1729375199132921 0.37905095361371449 -0.72629670802469137
 -3.5874018453184573 1.0816826836454134 0.49523209872913787
 -4.2903404344954446 2.4208382611119053 0.69824854926025215
 -5.7894202021141528 2.189156524611263 0.86486014335948347
 -6.4828159741076803 3.5199499146303865 1.1421095914435284
 -5.7861853253231796 4.2253453870247659 2.3021953497819343
 -4.2774838410928648 4.2136843285018362 2.0733725991749004
 -3.5745633584883536 4.8300591415481495 3.2794658314654894
 -2.0779621675739537 4.9323381800516923 2.9994660571148875
 -1.8382614550314351 5.928083647691901 1.8682231424053237
 -0.3605929729446542 5.9202515633333208 1.4872894007888244
 -0.057172207257328578 7.1233634779158397 0.59895750338825293
 -0.18880114244292842 8.405682176229325 1.4156634353965329
 -1.6624055645951739 8.6757867496435015 1.7058522126331601
 -1.7958222424075125 9.9712511134660691 2.5012439853761932
 -1.547927216493038 11.1623698286372 1.5801249580534824
 -0.2389551508680432 10.957102243167984 0.82306924691389349
 -0.088704375945252045 12.043114931157378 -0.23838124470648736
 -1.1882477617757465 11.887961508689671 -1.2850940793335242
 -0.89094941789432447 10.673553657113537 -2.1600245135713561
 -1.8752775392394929 10.632083404260642 -3.3253804109938581
 -1.4305745611732346 9.5733400667040982 -4.3303569313557144
 -0.23434936809875206 10.093379691305492 -5.1223670804689396
 0.85000727201686899 10.563777727819064 -4.1571871157570044
 1.9340471038075335 11.307412528687555 -4.9321328725868234
 3.140455581977335 11.537829395301173 -4.0265045540256255
 3.7313235839999481 10.192965687567661 -3.6131129578277004
 4.9671500577115193 10.423800900678851 -2.7481713232294278
 6.1163015494434143 10.916700489776995 -3.6229151966673814
 5.6117355120680568 12.013299835769768 -4.5564884333743612
 6.7878557080920654 12.609223569751467 -5.324793182664477
 6.2772911924015462 13.671299270111922 -6.2943266178906958
 5.701787123192954 14.845113823230374 -5.50716052283091
 4.7614135205733987 14.321011836946067 -4.4256381719434419
 5.4417007952655112 13.186192133919413 -3.6653293757859395
 4.5644977390802506 12.762257992137815 -2.4908206948256275
 5.3182349261911082 11.751915767130598 -1.6307248622966761
 5.4063388218385011 10.419491425309435 -2.3693445729016593
 6.2117770704433291 10.600790529019642 -3.6527291071228936
 7.6856926306773428 10.791452154014424 -3.3064675498365017
 7.8734654402780384 12.129793830212295 -2.5977652641575797
 7.2513147533615907 12.060933539776876 -1.2060530873154951
 7.1471902451036273 13.467904019446109 -0.62444483761527103
 6.5250395581871796 13.399043729010691 0.76726733922681334
 7.386404010324374 12.517720474808327 1.6672654515562444
 6.95924083341996 12.702339693643687 3.1205800645473682
 7.659909299457988 11.664886193251039 3.9931795919498017
 9.1528418162409615 11.658216658358725 3.6772935086280309
 9.7919863035973957 12.937346105957509 4.210208305352146
 9.3802375667476277 14.116224926105648 3.3330631035133944
 7.8791476887949061 14.353790012899731 3.4707874943974857
 7.1202842354983922 13.279177535013568 2.6974762494111961
 5.6219029061825747 13.442206089875592 2.9361205082094188
 5.2001267732694281 14.863420325033717 2.5742766309795697
 3.74366218750417 15.080107902796996 2.9748180196708094
 2.8909644651246715 13.936030534024688 2.4338285849201462
 3.3374457362748733 12.622895503229092 3.0702300819403385
 2.4064025144892547 11.498701624661404 2.6252327307594756
 2.7757666827737375 10.211628873792062 3.3571410892013827
 4.2773389735733112 9.9688821264145098 3.2345414475194851
 4.6952903997667548 8.8640704325103279 4.2006593111134816
 6.2008864960968761 8.6384816870392598 4.0959401025971962
 6.9378834417396629 9.8592238005429298 4.6393554082629356
 6.4231171222816013 11.11629252885807 3.944035446918702
 6.8837826897354493 11.118605937383386 2.4892303455035991
 8.3992036924398121 10.947784821328185 2.4345007294612104
 8.8296102030340951 10.676495058303063 0.99581101304706476
 10.349476489580052 10.555045581960004 0.93310139881617027
 10.776322923209808 10.234505927317677 -0.49649030929468907
 12.298182999781737 10.284549589482868 -0.59705640305181584
 12.802568372338623 11.610193746131781 -0.034083076957910352
 12.143915113074899 11.873375747790433 1.317059816323257
 12.173238816568022 10.598368897016892 2.1550178408650433
 11.793953288405053 10.927094886197409 3.5961138516025013
 12.743623353615373 11.988905626401383 4.1432525170529573
 14.147220333404638 11.402674128814093 4.2654169536251603
 14.12430730778461 10.223678569445681 5.2339831435401756
 13.944669878485325 10.73867935372575 6.6591780727290377
 12.606471962932108 11.463025341280327 6.7741790689099366
 12.549128177173179 12.592832423840308 5.7500093337428968
 13.517963287110879 13.699241618547177 6.1573092522551516
 14.924406522171665 13.121888575567743 6.2886747359794759
 15.49593150118346 12.851750690758019 4.8997684318840262
 14.447509120957649 12.143788697236554 4.0463773560162561
 13.356384317186428 13.135541375666046 3.6532497845803067
 13.931804981684667 14.171152530037425 2.6914407620555805
 15.284595464988339 14.651123725880785 3.2093804877415941
 16.025067226307684 15.385679253355839 2.0954658825117063
 15.261499146405374 16.654396667237251 1.7266896480980043
 13.780295856204154 16.327261026857389 1.560271241993628
 12.983062498268419 17.622742357271761 1.4385211062963288
 13.369759806675228 18.567355364992594 2.5729140969814424
 13.371153247644903 17.803335001881365 3.8938784958482842
 14.121607788176215 16.486085797946828 3.7196702373478683
 15.416225502735916 16.735168147874266 2.9511658742484594
 16.028828125071822 15.399735248409634 2.5388395494344316
 15.138986730890448 14.731948487817 1.4943688051919066
 15.865158320730009 13.527978488198189 0.90123554686984464
 14.867794157006836 12.651094249130164 0.14956091234047897
 15.501488961867826 11.293874414008334 -0.14209164369845828
 16.563017075974106 11.449953215990112 -1.2272061402074121
 15.920667336882847 12.015561894635756 -2.4905942972399635
 15.198001605250774 13.317206303307929 -2.155703160156385
 13.937773182885774 13.008102013683722 -1.3526123423783942
 14.324030358114824 12.61743214670979 0.071065447580636709
 14.983502682524882 11.241328501529662 0.060529268997275926
 16.365993184106252 11.34386942732516 -0.57734326652551482
 17.015384104778249 9.9633362168723192 -0.61044140824876025
 17.48999705785581 9.5899274866862143 0.79098089248424264
 18.413826454104058 8.3780538224375611 0.70987929861506582
 17.63741977143237 7.1809780591307621 0.16869700030314316
 16.718383966220902 6.6352983824308813 1.25786313968501
 15.852432070105896 5.5187887207617834 0.68148696997084623
 16.743533013393254 4.479359905764861 0.0075412396435049489
 17.53333771241136 3.7199387589702333 1.0696919159649165
 18.646551300211108 2.9186418726810213 0.40084603838084465
 19.275353926072455 1.9720334482313233 1.4192839346075687
 19.518035078531646 2.7194421263416668 2.7273978922299209
 18.193794531423553 3.2617671780377289 3.257441769373786
 17.231611820313873 2.1035310686922895 3.5051705433382754
 16.831541166949993 1.4794613836531769 2.1713202891747265
 18.073793907375897 0.93928880981586238 1.4686840252527182
 18.831197699387786 0.011734535504517529 2.4145479499547582
 19.56388312539341 0.84239077079460123 3.4642423270439417
 18.622886044411462 1.9085249028769518 4.0179195850132814
 19.405503935779851 2.8616432833242351 4.9166690434073477
 19.919176590137312 2.1040575243376489 6.1376851047046834
 21.10009290325236 1.2263882157680657 5.7329515550529084
 22.335783569237048 2.0979672870270871 5.5277821115639627
 23.580887081934328 1.2163865030200076 5.4930177053654745
 24.764429958925451 2.0267597691651771 4.9722515122991737
 24.42874853102396 2.5909965525461605 3.5947062929898843
 25.471918351996969 3.633728030209217 3.2033192848997616
 25.649524646821408 4.6301767087536527 4.3453446940154103
 26.745562261578318 5.6286930477135861 3.9843146843652186
 26.439654328556543 6.2515582310734201 2.6252211261903424
 27.481018020319041 7.3212905935618737 2.3091351661673825
 26.984185471795595 8.1915447205743028 1.1582697643303506
 26.709919901954361 7.3158076640206788 -0.060967294234734348
 27.907467211892207 6.4042395838823207 -0.31315784864444191
 27.989344151362875 5.3536982474123365 0.790624316074102
 27.952605940479483 6.0415816996534257 2.152293387469185
 27.758948207472113 4.9955496238626198 3.2463635766541401
 26.482684853725662 4.2043904611896865 2.9745271714349211
 26.315184449183398 3.1256970102926926 4.0408479737594805
 25.976592761050103 3.7791294131246898 5.3776567722255226
 27.183476372525277 4.566364352705218 5.8800202842924989
 26.870735437919766 5.1580952379934697 7.2514150732639431
 26.922164925238921 4.0558913135251284 8.3055391251291191
 26.099715310267282 2.860453586348032 7.833118474358387
 24.641742159510958 3.2790909055318829 7.6665859350148304
 24.068511048126204 3.6791300092442856 9.0230706597506281
 22.680731304693818 4.2840693331909154 8.8312587777888769
 21.829714258597953 3.3466326945662566 7.9794028417184952
 22.396204475438111 3.2897196664817763 6.5635900922849348
 21.489266771011287 2.4316569172894495 5.686168689116827
 21.353332146725322 1.0413544141058093 6.3003809712811574
 20.724414242641934 1.1558945054776177 7.686028414677879
 20.247284837181972 -0.21930221825400675 8.1441304791604647
 19.36185863127411 -0.066473273753963724 9.3775564994853902
 20.06963801408715 0.8094845297009885 10.407324566494239
 21.27258310529437 0.060007496705822505 10.972906819180082
 21.936482235916799 0.90566644591618972 12.055854133678427
 22.197449260107753 2.3094769387388072 11.517441362167558
 23.035909258712465 3.0930916379554159 12.523229030570501
 22.986489654293113 4.5790658333846865 12.179551284393442
 23.784088918598009 5.3679587759641727 13.21403634408669
 23.137779319167791 5.2064335157194757 14.586941836823611
 21.626200744289662 5.3737739788187104 14.461230336239476
 21.307113365269654 6.795080648327307 14.006536377888921
 22.0420345448339 7.0896479393487413 12.702006971977285
 23.490310591111122 6.6227000005766117 12.816602418030131
 23.523265405098744 5.1865878361870701 13.331550795566562
 24.971541451375966 4.7196398974149405 13.446146241619408
 25.029907588357492 3.439189864045757 14.274226615797351
 24.684146091706378 3.7555436900925745 15.726481842738915
 25.866618981430744 4.4547675381286957 16.390951462363802
 27.001346850539615 3.4547950642978051 16.593741291122893
 28.102467542018154 4.0970700540473768 17.432604843996653
 27.628992717003946 4.2326461733194511 18.876944383703595
 28.710731767479821 4.9200131076164455 19.70522170701426
 29.89946164543252 3.9779678711772166 19.872995512373404
 30.384160091921451 3.5199889471642547 18.500407183291767
 31.759556853965424 2.87294612459507 18.635667424015459
 32.146546079098371 2.2176966695477578 17.312956763556727
 32.043938591875616 3.2429644313579824 16.18735749198693
 32.872064706744851 4.4744018388392952 16.542948618601837
 32.690353452333326 5.5391154413429353 15.464968115687297
 33.699115651024023 6.6630132522536814 15.683893986983296
 33.268742678069721 7.5080475754209859 16.879457492958458
 34.160615476177817 8.7423381012901764 16.978279604575064
 35.625094436718307 8.3134510824357175 16.984050149814216
 36.517853925496397 9.5500945983093928 17.032725706762719
 36.376984626987543 10.331660174241541 15.72965736962324
 37.231448285054832 11.594157657931801 15.79797984555908
 36.993234807707694 12.298985638870919 17.130326593404941
 35.494703555871169 12.3650154717115 17.41089770461253
 34.758348012842077 12.798436584428277 16.146539110976352
 35.163780007571944 14.224327400197279 15.784411676010503
 36.67843033493574 14.29519962403973 15.612692388496441
 37.35739442373594 13.59204353674634 16.784552142486625
 37.274535406291058 14.475543187211962 18.026018513700588
 37.864546843452089 13.731848634697242 19.220790842045652
 39.386488621007381 13.716987261803993 19.110571218894716
 39.969219936487733 12.8483294747657 20.221667012684009
 41.440592133188488 12.567671708397407 19.930169024778206
 41.598483986140671 12.137591834634785 18.474566927721586
 43.081874233399958 12.049399375350017 18.127505745130815
 43.731985549154786 10.939435890737817 18.9484882905939
 43.468286425275238 11.181837811171981 20.431856107770393
 44.205076053928494 12.440370108351058 20.881203968637809
 44.127863134869699 12.56077359456062 22.400485761340853
 44.594848643417272 13.949922118448987 22.825770270093884
 46.089264406573463 14.091206329348754 22.551113577874858
 46.821493612968716 12.857068829026179 23.070171397004181
 46.377219411181954 12.565235251256551 24.500601261245308
 47.279718390282213 11.493795350156773 25.105736065280123
 46.732706803646984 11.076901898611869 26.46796004618259
 46.877149737096879 12.235075542124754 27.4510399261763
 46.307498002372093 11.82670495016065 28.806549557548905
 46.833955693698833 10.445318120334433 29.185084530339477
 48.35731590478207 10.485191511359236 29.265457286772097
 48.934887498984736 10.721136192076532 27.872827701702406
 50.445856142779363 10.909719984072634 27.973256337388491
 51.051878281468191 10.921879242501397 26.572804510350714
 50.52682542190891 9.7282550603010378 25.78017798648521
 49.001286748775215 9.7606488367846573 25.761246530688862
 48.477911152907346 8.6098047161314053 24.906663711058275
 48.706707100966455 8.9258153183016038 23.431378750968282
 50.188006054914567 8.7680469590892294 23.100412659255497
 50.997626734378109 9.7963016975989934 23.885194506724702
 50.824603493634676 9.5470844977949341 25.380731114596415
 51.152011644577037 8.0902620812449619 25.695609423366601
 52.54070593567468 7.7530871111258657 25.16033640387284
 52.494168040074662 7.6741930105674108 23.637087919491464
 51.746861879170588 8.8855837894992469 23.086868070164211
 50.332019883469471 8.9138257824392308 23.657920184279217
 50.391581177553341 8.7556629052971484 25.174532513301095
 48.980753297708375 8.5594519932256361 25.722019473361499
 48.392154887199247 7.2676615325086562 25.16210401836253
 48.52136298544243 7.2660997713451554 23.641584755659682
 47.829542795828466 8.5004814850530472 23.07030320501584
 48.186930831481632 8.6472798837536367 21.594024091124812
 47.794803269359129 10.040731624821527 21.111111862724357
 46.27999402050348 10.20281879156367 21.199183935249451
 45.869661447313348 10.370306339358786 22.659406897920807
 46.566008718658807 9.3110132662774596 23.508921266846734
 46.155676145468675 9.4785008140725751 24.96914422951809
 46.833572648590717 10.716127143680618 25.550017192665628
 46.388464814346705 11.952299119955073 24.773851062917444
 44.880599003308312 12.13247482638525 24.924028993099867
 44.382160202581353 13.137576319508177 23.889618170238901
 42.898664773357368 13.411701838822262 24.11934085334244
 42.476145621913638 14.636477514211371 23.313066637186182
 42.412773882674195 14.274308381542223 21.83202189039174
 42.260954759202328 15.546216868205082 21.002639134781766
 41.207185762371523 16.44726330134538 21.640104605723764
 39.871214021316703 15.711554539718739 21.690978225299162
 39.352196929518037 15.499326555776404 20.271733164975686
 39.326578688856046 16.834741395190015 19.533704092093547
 40.755223957942931 17.328483554752303 19.324258693513404
 41.502288301149662 16.355963328122094 18.416087302252819
 41.341615870137588 14.935238971064516 18.949381471709007
 39.857741777689235 14.59360651277343 19.049785362084442
 39.202624642476167 15.47512581515757 20.109229206124493
 37.827743235120387 14.913582421580777 20.460008528259671
 37.182996385007336 15.78090827723282 21.537377248515977
 35.91559991980575 15.101180106659369 22.047624065383413
 36.262920066431484 13.718429828235873 22.591725511133731
 36.834055489168634 12.857737384499158 21.468476275127163
 37.386673950854565 11.560323271511535 22.051576142409239
 36.233974505375848 10.696985877990356 22.556163630701477
 36.72899949488874 9.2726676666522962 22.790564766808949
 35.533593691658155 8.3384184976092079 22.954453313525637
 34.695724317813166 8.7878509703489236 24.148045105060593
 33.542343699473498 7.8108625265782869 24.357527156742819
 32.593943051178151 8.3622934296020937 25.418251517499787
 33.336665299939348 8.4985287150650564 26.744328290612827
 33.763448813940329 7.1174506624839671 27.233363304549211
 34.919865537242757 6.6088647169758179 26.37737457909892
 35.183202892676924 5.1402648965518551 26.697599507365918
 35.893364255396776 5.0318702109226985 28.043926893638364
 35.196488984174188 5.9308014841969063 29.061258413983634
 35.555724107329866 7.3877720969719274 28.784017075433155
 34.624547252081157 8.3015218771094368 29.575627461638227
 34.70323181265433 7.9481317876976538 31.058057960728455
 34.015646948629858 9.0358975047232661 31.878221846563569
 34.77149209923865 10.351453639633508 31.714862842522916
 34.674664969465425 10.817940289809117 30.265141934158901
 35.375259758297297 9.8105091546770424 29.357989549039356
 34.737546205097821 8.4355631001013229 29.535530448756344
 35.530825539069312 7.400030105740159 28.743662204739003
 34.878694804566244 6.0294054395395111 28.90110911489862
 34.930958416532121 5.6057003796297993 30.366175167017481
 36.384931738948957 5.5319787469280959 30.823561982056887
 36.449234240663976 4.9200639218413675 32.220022305557784
 37.86743317203414 5.0498636587393841 32.768237426985216
 38.335143395635278 6.4961848599184098 32.633782491192626
 37.284333768226276 7.4288113229840702 33.229335181837335
 37.173708099200297 7.1789350621331405 34.730667861697356
 36.314566701623434 8.2681501545594713 35.366405654659452
 36.18339527317066 8.0044199479606526 36.863708708314576
 35.212195694709351 6.8502138399151802 37.094480541403136
 35.737726595280968 5.5960684328441737 36.401939877999872
 35.798002514348539 5.8332703405954138 34.895693527451698
 34.382239431028523 5.8571463910921207 34.326728830725415
 34.445684987305071 5.8443009456350179 32.802102431924801
 35.188559242316387 7.0841881559361957 32.312721652803987
 34.670661053449507 8.3137632265582013 33.053398783322571
 35.480790738378339 9.5380635214166922 32.63691987436502
 36.908642212108667 9.4057024711590831 33.158836267421215
 37.599148913816812 8.2364567103901365 32.462602940281577
 36.718411894199605 6.9940183155468469 32.559169690744568
 37.209508262087638 5.9431748203360124 31.567590996933429
 37.139021946902133 6.5069331647547273 30.15129858063311
 37.723085251908472 7.9166368619259746 30.134519369485538
 37.629913574026368 8.489855029473345 28.723343983208473
 38.33034935365221 7.5512760738167248 27.745011083517156
 38.172967301303608 8.0862534683826617 26.324551271730162
 36.708225335645736 8.4295395686469075 26.068892070045489
 35.857452200435219 7.1708945994522546 26.212676331788614
 36.195672498000008 6.4749381787375704 27.527943487457435
 35.573462723502018 7.2473387156983193 28.687653971596408
 34.058216937671709 7.2950286274539122 28.513206613232395
 33.417957846703828 7.8668484241079106 29.774858869833835
 33.768495687982153 9.3469236599493346 29.898051881327319
 32.990377548165789 9.9597824860376338 31.058918893424028
 31.532363902237606 9.5153311811715007 30.985876125883713
 30.714109309291693 10.280328949777376 32.022174265972218
 29.312171015674341 9.683476264594713 32.105911313206178
 28.631962387940444 9.7877402985243442 30.743882960349659
 27.239400424035193 9.1684942491687149 30.82122316361902
 26.667601755622215 9.0233049355492003 29.413870206464424
 25.380325359485674 8.2056455375260029 29.468902822011987
 25.705105056424621 6.7709929006455258 29.875062839675085
 24.420936407247666 5.9472011168563057 29.905949364768659
 23.590075517580111 6.3444128794332642 31.122735704966185
 23.345558199537795 7.8505653319029394 31.102934919705973
 22.735519536149354 8.285109070958864 32.432483928963805
 22.606019907098727 9.8053396101105079 32.460855638577421
 21.726309157509899 10.263368550748048 31.301116665102668
 21.637328008715329 11.786771689270665 31.300006395502585
 23.042046722490308 12.379127334318547 31.367505469201571
 22.950280964266533 13.9005611882318 31.441627488765445
 24.354999678041512 14.492916833279683 31.509126562464431
 25.042866753321508 14.328045795749778 30.156968129539685
 24.16304013590478 14.924077488099842 29.061830081164363
 23.917925154302541 16.40180891147762 29.35321382497305
 25.212526533188448 17.183108350926279 29.147654938753394
 25.007522965714394 18.631785300982408 29.581226883993075
 24.314573513722802 18.663503440324593 30.940451301306556
 23.044106154946736 17.820035293051568 30.884324883103361
 23.388688348333392 16.410948135591617 30.410602923846437
 24.153356840453483 15.67716432720138 31.508564407552974
 25.506563166262261 16.349072580424362 31.723152242813729
 26.366889881766994 16.171814438982036 30.475316719244539
 25.728189576153991 16.916187813381033 29.3062802787964
 26.47445716241678 16.578660196283998 28.018710553542562
 27.950702142628931 16.930645210000382 28.178345476154895
 28.53107269157335 16.166741719135839 29.365062579159176
 30.053998286186612 16.2585779143247 29.334407293725455
 30.638981823336184 15.393460990112693 30.447081086310632
 30.376829642579075 16.054321610625561 31.797346050819296
 30.850540243404787 15.131563383637104 32.916627749584364
 30.939488525997682 15.917662331001534 34.221546386119321
 29.554923355479442 16.436407312742809 34.599116157825144
 29.190707578833742 17.615817341613045 33.701889959008689
 28.940273442838699 17.117087766884069 32.2815985963584
 27.842969939868038 16.056777157989565 32.300103596602348
 28.21186582153004 14.959245000467622 33.294093028989828
 28.695556217661096 15.592303050160412 34.595614103121818
 27.716129460210368 16.679734753685885 35.027923618350407
 27.537059818373606 17.684348750032967 33.893304395123536
 27.206514943995376 16.94102950163305 32.602222453115047
 28.396444364293398 16.078040575429569 32.192351634491281
 28.651375035077638 15.020523661577293 33.262559245195767
 28.905142831838223 15.703544346323214 34.603365215325837
 30.062108709200817 16.688544884709813 34.46236912319327
 29.741676969966935 17.69664362458456 33.362488933738781
 29.247357146338871 16.957522454666506 32.122318055130826
 28.786453846741967 17.968768621800692 31.076552623555919
 29.869026024540233 19.025844602385991 30.878300634595696
 31.187818767825597 18.344302117952985 30.524801635770121
 30.975187214881739 17.407167852205454 29.339372097309713
 32.328261892657174 16.996334989191414 28.7657160374354
 32.123255584085932 16.311836942296406 27.417342633202416
 33.46549467319447 15.812673177988195 26.89017495203192
 34.230651448232102 15.123532734562152 28.016361685592798
 34.705641234891317 16.167642612560222 29.022788665177618
 35.456090281781812 17.276455623783363 28.290643915716583
 36.522942979822751 16.660693546786536 27.389900675267199
 37.171937854140474 17.755105223136763 26.547437183015131
 36.179551824417523 18.245152798706165 25.496866223160815
 36.902678789764835 19.132670796362618 24.487869099367384
 37.697468890212896 20.203805586964936 25.229256283361703
 36.737969276462366 21.117134646403834 25.986796064757357
 36.100234065994563 20.343863919840839 27.13745769389525
 35.352533556055569 19.133605676983944 26.585284774390999
 34.248241802890611 19.603575967035219 25.642764933559551
 33.64874648197631 18.400414581901412 24.920487949622856
 32.784833570139895 18.8823293868093 23.758554818339967
 32.306645398390273 17.681668058819696 22.947121242581037
 31.590625996697668 18.168614074892467 21.690587998360826
 30.962179798126837 16.979699717942594 20.969329357275484
 30.171985239343435 16.138127728867754 21.967339951644934
 31.092535802361517 15.693804976674199 23.100406566107729
 31.697908609001111 16.920989375914001 23.77584584187105
 30.618571859762746 17.648404637256931 24.572448138697318
 31.177913641079687 18.964985919867814 25.103886279925252
 30.071389746789261 19.738288235750503 25.81542292663767
 29.725476562112817 19.040868087090054 27.127911099883192
 28.618952667822391 19.814170402972742 27.83944774659561
 27.454785766475961 20.037748038370395 26.878508379747011
 27.883271945545069 21.000002554865283 25.774360817221112
 26.685367241643707 21.320883123583432 24.885127450218924
 25.58678714571905 21.967289654780956 25.724148528180194
 24.3700858415421 22.242778899510625 24.845274468685705
 24.785361539355485 23.103831703391133 23.655816540158991
 23.549311572737871 23.482867528377277 22.845145013952717
 22.652003941104304 24.392329075515377 23.679647685302104
 23.467483788410402 25.571034661733627 24.203405033370323
 24.612353899205392 25.053574550064944 25.069536352651671
 25.527780530435642 26.21368717362526 25.450073845535574
 24.683039847473424 27.40619296519267 25.889413253768709
 23.651192001005505 27.724366664533246 24.811112962204529
 22.742500040908361 28.851865303765742 25.292467031662355
 21.649850050546455 29.102685794894835 24.257150133417269
 22.264327537103021 29.732618337729708 23.010443106889927
 21.254982747710798 29.687812062912514 21.866812268785377
 20.714650073051018 28.268287931527798 21.71961226501023
 21.869418049086836 27.309822125650729 21.442971305485983
 22.847935738082935 27.339870444455872 22.613559290585208
 23.105031658824863 28.786532639375395 23.025561937819923
 23.557363465830221 29.589802398042664 21.809490545515249
 23.574997919249491 31.075343885277363 22.158104251150935
 22.266025229761343 31.452782718007668 22.845713461183262
 21.10567251149638 31.258698745711616 21.873813784821124
 21.121692237185425 29.829060711538801 21.340377322217325
 20.007039657453284 29.656351136844552 20.312565554768948
 20.326393126552407 30.483930164240551 19.070872229028414
 19.351489178482755 30.123194416266301 17.953684683371197
 19.464907841572948 28.634153610776846 17.639726586724422
 18.287430457774988 28.206125709935133 16.768511844685882
 18.246137472455146 26.683238261684124 16.680280844902196
 19.583362337055267 26.166868774003525 16.156956649314424
 19.978056229331806 26.949560554563266 14.907842439946942
 19.09646713608959 26.520865918321316 13.738356407737204
 17.653407468165458 26.936783368479798 14.009036051346204
 16.780532323429085 26.552488012341147 12.817783743498847
 16.682754068890073 25.032314056336503 12.727304152294963
 15.936144452333338 24.644775307496531 11.454094115179135
 14.601181438507277 25.382222408395457 11.401925876832976
 14.850213387981517 26.871497804473609 11.181204598345285
 15.3659682034799 27.09699004750216 9.7628159990453227
 14.256117526551179 26.788014268521849 8.7620955371158669
 14.84296025540197 26.721526194698338 7.3550166666774945
 16.105839375103265 25.865024433846003 7.3697497138592896
 16.760940741051321 25.899684850229299 5.9919555144706234
 16.787837631535965 27.335809153009802 5.4766890356022593
 15.403161703112895 27.958350753256067 5.6309308237417115
 15.404078215853872 29.359058135822902 5.0253781931412931
 13.972960665989449 29.883846592997788 4.9534363160043604
 13.920760628920315 31.095800284368519 4.0276288813275976
 14.757865236001733 32.225813416695011 4.6200832657089208
 14.685539058246119 33.446149695904957 3.7067244700238851
 13.234729001609949 33.901767723364067 3.5792945182168063
 12.731129198621419 34.383918436576913 4.936716312714811
 11.240773484000469 34.698628456058223 4.8446649817375746
 10.446365402433887 33.396195052577369 4.8091821769034029
 8.9531939789604493 33.71057225045594 4.7923870116392422
 8.1590439159626431 32.42140239016441 4.9822362906908451
 8.4355475453787783 31.852622058445654 6.3710165746701151
 7.4965881733131683 30.679523948001695 6.6372347575256203
 7.4699520490155775 29.761629350302393 5.4184501069836317
 8.8483988734653423 29.137635982419621 5.2204788237059789
 9.0881350100726213 28.080674226766885 6.2947387698512456
 10.466581834522385 27.456680858884113 6.0967674865735928
 10.655479704197601 27.094735965772042 4.6263969587194129
 10.226822467630946 28.270538549136369 3.7532318778253448
 10.368751331208196 27.890866529547896 2.2820482199412568
 9.940094094641541 29.066669112912223 1.4088831390471888
 10.855893215481561 30.25825952611736 1.6736476710868358
 12.223415315958141 29.99855041759643 1.0482594047599791
 12.959552807738033 28.934245659184587 1.8569824565013295
 12.328560893416837 27.569462225462395 1.5964227069262056
 10.843279142407312 27.62046472800791 1.9428514367568868
 10.157314496324163 26.356792215458597 1.4317151678899189
 10.059965634717798 26.410111259331554 -0.09024287315600521
 9.2024715762419671 25.249586850635232 -0.58679401503226414
 7.8366555518357934 25.298504536529251 0.092050331988472789
 7.9679675484031502 24.821680775252911 1.5356819540582127
 8.9779304633109973 25.697541588380012 2.2715615274525947
 8.5660260159007784 27.16188740652732 2.1503095127143146
 8.5024847307320019 27.552823295144098 0.67660410250831249
 7.6937526897883179 26.511832196978986 -0.092139040220110546
 6.3394015476282108 26.318130655787588 0.58379638322625238
 5.4390734773327418 25.472652687030543 -0.31244709384034242
 4.0763614387245113 25.299779816481077 0.35223844869846677
 3.2186740973889743 24.353366229722059 -0.48283624694894933
 1.9148373597347965 24.062710552889822 0.25486629409888262
 2.2189734199118836 23.324083784515878 1.555100024603268
 3.0349062549206072 24.227507323014752 2.4752932210792675
 3.2966143296231776 23.507376523137818 3.7949888354934447
 4.3673093462093266 24.258253463515853 4.5814187445546555
 4.0173272960292756 25.742819358274758 4.6288810313766549
 4.0708616130233901 26.324122271481031 3.2189530190292861
 5.3789035704787853 25.914293228006734 2.5483246624403906
 5.5008201707405746 26.61553079229369 1.1984808859190357
 6.7589898760093128 26.130296264722432 0.48417531685451054
 7.963294938985725 26.292077228460862 1.4072962380025302
 9.1433413143970359 25.502355942264849 0.84827312398356325
 10.361756725251572 25.70418736832185 1.7446011677531936
 10.158661923651419 24.952716440536854 3.0571254327696069
 10.278296015799027 23.451854624486593 2.8085746469767683
 10.224262662516043 22.709053851095412 4.1404918395162991
 10.36884950983926 21.210051618946448 3.8939904164099297
 9.4607128654520736 20.793575473293515 2.7405124342953253
 8.0083414071445631 21.089993642462471 3.1030443861011783
 7.086911851532312 20.495720013838039 2.0416856209488494
 7.2954520821674329 18.985560914074465 1.973814672761619
 7.1192233433585095 18.383963849846197 3.3651091793020811
 8.02046357621985 19.116714392063958 4.3548155425995638
 9.4386176111291515 19.188232527907275 3.795887739108017
 10.265064246005807 20.165352625088666 4.6270906477802596
 9.5136708114865041 21.487337328982676 4.7553105730316467
 8.1410772813652272 21.235300864256697 5.3726764463333421
 7.4153100054835592 20.154279201227446 4.576856098942871
 8.2872921907955348 18.904129582343131 4.5030387642451997
 8.505692087607212 18.351678486991865 5.9086614989495576
 7.1804083751997316 18.34544073902682 6.6651402971505975
 6.5068551859049792 19.707446899649248 6.5239265597971485
 5.126963267018338 19.663173049650496 7.1740143372530465
 5.2804108168440083 19.592198991275055 8.6906199328151033
 5.8573494418226071 18.234545983010381 9.0812554818343934
 7.2331397818009791 18.063188179705882 8.4436714139117619
 7.8628924491095171 16.7621877877455 8.9330440307760757
 6.9251243173934345 15.596970244464528 8.6304965006789107
 5.5768529545499925 15.840473625394912 9.3024685504039546
 5.0025797222581678 17.171160035725457 8.8248076539150055
 4.5842038605585405 17.049784340479029 7.3623078833336697
 3.6848312152211489 18.225194656136132 6.9905345186804118
 3.4689997620490596 18.243599935969392 5.4799869260849974
 2.9220719181814321 16.89288999622141 5.0270756850363556
 2.4050972978693035 17.006643871405728 3.5958268255316224
 1.949806955460758 15.634236987658037 3.1080911906315629
 1.5968531507372823 15.711824410455522 1.6254989326068607
 0.86655870113605815 14.438486874274437 1.2084167634437137
 -0.31645586176611873 14.200549557117546 2.1425143906034609
 0.13499148200970512 14.371959745384386 3.5900950768368727
 0.73478574402699492 15.762863102262356 3.7753265403538379
 1.7861131899390363 16.011885716746608 2.6976557469538269
 1.1108780418955755 16.066629340170319 1.3302726146382768
 2.1754548841401338 16.115932952164673 0.23806324789542077
 3.2431370582446419 17.139637733156079 0.61324226713119567
 3.8210140422441001 16.794356079632902 1.9827366158248687
 2.6957789548264355 16.74321931851393 3.0122544785675878
 1.5639868468657097 15.864889845118983 2.4866501021365282
 0.47171040961895994 15.753175718422886 3.5464275025994705
 -0.23986082206901049 17.09566968870233 3.6880337242046854
 -0.67209468270059536 17.590853319635741 2.3108470769491154
 -1.0388641458287164 19.069824684699704 2.3933083541491462
 -1.471098006460301 19.565008315633115 1.0161217068935766
 -0.28741315286660596 19.496279433352772 0.05547478522397431
 -0.7490735116919417 19.87267195366956 -1.3494716136606084
 0.41041003536948739 19.708123983469374 -2.3278365095950235
 1.5524740768085956 20.636623299522878 -1.925027938013113
 1.0410003353971546 22.072660430084245 -1.8552570881145525
 2.1830643768362625 23.001159746137748 -1.4524485165326417
 3.4040010636526739 22.713614830020195 -2.3215328208441544
 2.975540866196988 22.60567231607466 -3.7821649692235018
 4.2096031896869528 22.642351285063633 -4.679060077347283
 3.7994174437179433 22.360662900236754 -6.1216533352191558
 2.9424912763635644 23.511352198655963 -6.6415260910034526
 3.6545207668537039 24.835417888413893 -6.3797245366189932
 4.9035186910645301 24.923314751343696 -7.252051497571169
 5.9811680940523022 23.998543587815341 -6.6933511670303503
 7.1304469750398924 23.894036193873333 -7.6918061025819124
 6.6051948929765416 23.35241188200833 -9.0182409313936365
 5.406675799302139 24.182667565507224 -9.4686890217609765
 5.8489033144655478 25.621613405770887 -9.7187803923042431
 6.233131500659896 26.274010267843316 -8.3938566075936833
 7.1985290458868061 25.364465443220908 -7.6392628150984336
 6.5541784840122341 23.996553146190735 -7.4335827211528445
 7.4889730501923726 23.111114578508381 -6.6145383622194469
 8.8455563702176487 23.024028841769688 -7.3079168809852
 8.6405678307543408 22.760542766214805 -8.7969537464379322
 7.5928025342226322 23.724945181441431 -9.3453986979953125
 8.1491430974416268 25.14579933857247 -9.3271054784722214
 8.2426684045160261 25.637704995769088 -7.8855931332755151
 8.5835018660504261 27.125124624366389 -7.8760328005489857
 7.5324972693757033 27.893673225206655 -8.6718960965458454
 6.1531875484582415 27.643119113418535 -8.0690666589363591
 5.7215269769985637 26.209302922758525 -8.363203162023316
 6.88553094320004 25.260849374518667 -8.0907942166886162
 6.3953302006407622 23.817744342925806 -8.1671296592143907
 5.6763348317620634 23.593530694241331 -9.4943259142100427
 5.3616842707046866 22.109412194627836 -9.6588351951979785
 4.3735017704646815 21.922371496345662 -10.806522924245142
 4.3420051192489515 20.453019447326099 -11.217240000836926
 3.8591969397743648 19.606165500321641 -10.043182653738702
 4.7363952344321421 19.877828065610071 -8.824413355442136
 4.6893954846282142 21.364679077996055 -8.4842059327055939
 5.6430299426678019 21.653149162617222 -7.3283329592703197
 5.8442708330758819 23.160194016006692 -7.1979722523837033
 7.0107448629096201 23.43859901356922 -6.2543065302895107
 8.2089480236066645 22.58507669890103 -6.6598738416682419
 7.7587708659497254 21.142206504502518 -6.8699741244862782
 8.9654344590748138 20.278977868063848 -7.2270109492797214
 10.065735045211479 20.487827408746689 -6.1904799610773509
 9.5112980060140195 20.210382457224213 -4.7960984248970426
 8.5491202484339901 21.326328245620427 -4.3991664909601083
 9.3115499969451818 22.644349813206698 -4.2981911179105898
 8.3710999497520326 23.740373802007738 -3.8052802489829931
 7.729128668992451 23.307387823133098 -2.490338418795139
 6.8004687912006547 22.123050435767972 -2.7425521858039401
 5.9354984882352895 22.405815273677803 -3.9675201124982431
 4.7988648534383618 21.38978547307234 -4.0340289429634817
 4.065973651336046 21.357017014749879 -2.6959434770757085
 2.7754614697610318 20.555721343823102 -2.8414754562431934
 3.0832722015424379 19.20680226698639 -3.4851724948771174
 4.083059364841727 18.445537909560358 -2.6193906480966489
 3.4697048867109226 18.178840552326413 -1.2477694161957911
 2.2579299237724122 17.264039860783331 -1.4007959954151394
 2.7111513810947043 15.899449716318827 -1.9118342016706955
 3.851981121287861 15.382288865745346 -1.0402103386857293
 5.103204146901855 16.219599988629298 -1.2892625895651009
 5.5434878285284741 16.058098929428567 -2.7414139892374125
 6.8494408903453801 16.815194495809724 -2.9649512427253861
 6.7125575427039434 18.236774747808287 -2.4273188997008317
 5.5796997891644962 18.951125715664404 -3.1587640479987003
 4.242224279262663 18.348221556734323 -2.7388332970914262
 4.002101276905794 18.623570035912532 -1.2572125093210631
 5.1489052664820667 18.038460252123034 -0.43796703304081253
 5.0292100901183288 16.517459166694564 -0.40788775644444902
 4.9930266961174539 15.981000372665699 -1.8360259585480028
 3.6503564029769819 16.323820010299315 -2.4750777404645699
 3.5751178694622237 15.702350194517859 -3.8667639231749567
 2.1329870108318758 15.740215369599584 -4.3642584609359556
 1.2650244500504422 14.851096752039027 -3.478377499977404
 -0.20704784914939367 15.096549744643962 -3.7968613682497145
 -0.5593666539099742 14.429379179919728 -5.1232967784290109
 0.46376454680531265 14.829618370329619 -6.1823941000113276
 1.8655844008123048 14.471002143747077 -5.6976555117563619
 1.9964749794792593 12.954109507171912 -5.5947945107882004
 3.4386947077770804 12.589153094096444 -5.2549635647818809
 3.8402604126320323 13.264323943543827 -3.9466955078681836
 5.2469794810463055 12.820793800345966 -3.5554175061424718
 6.199416823572319 13.058240028280483 -4.7238174365608012
 6.367895832104109 14.558414782469418 -4.9469015699683752
 6.6028669771070447 15.249466928048452 -3.6067853462375683
 5.4078567905292001 15.00327856921546 -2.6902604169802102
 4.1166851629850489 15.312348096010576 -3.4426086447521214
 2.922124508151632 14.834498410204592 -2.622023171020722
 3.0933823024938523 15.272580668348596 -1.1703239242838557
 1.8869674098582547 14.816266125799951 -0.3548387036418359
 1.6271935908054769 13.33516380046294 -0.61470302365504392
 1.4707074581924431 13.100919590407994 -2.1144755865309786
 0.87459581974037626 11.71680775829352 -2.3543950536498368
 -0.49182054203685199 11.626959112253047 -1.6809638789392527
 -0.35572132351490859 11.982188303368702 -0.20313938851526081
 0.64460876409064083 11.038076553943284 0.45766975218109374
 0.062274482626427541 9.6282315710324031 0.50125769538182841
 1.0304269727362612 8.6994616958300686 1.2284050496441341
 1.4026110477743781 9.3069988749878547 2.5778692359895574
 0.13761342392722287 9.5337814836533958 3.4006855338761528
 0.51693168792225541 9.8063443887177026 4.8534426083323741
 -0.73676256007939056 10.155396090051273 5.650367725469251
 -0.39164549872761656 10.232765259198644 7.1348151733869134
 -1.5725975780674193 10.819976984845422 7.9024157046307533
 -1.6890206247190038 12.310327448601555 7.5958587451760105
 -0.31889972815890166 12.967605087249916 7.7352532735552577
 -0.47595163024904735 14.485094211502892 7.70007575482955
 0.90071009424935533 15.137819495105731 7.613888746257647
 0.75008914339789623 16.654975315371065 7.6789083294577214
 -0.15068748258293851 17.027590158763282 8.8529763209174455
 0.60582952617524288 16.818881166652293 10.161715627300305
 -0.36537270424718682 16.924904582961524 11.333978935101293
 -1.528064210218895 15.959758912543275 11.121097989936995
 -2.5118590425898413 16.083669657860138 12.281041891595665
 -2.9485174208622151 17.538717978605888 12.425402014134416
 -1.7159958539751701 18.432906999742979 12.52536491543329
 -0.72912385196109719 18.0654077801439 11.420962825959217
 -0.067892439077513189 16.730581865280367 11.75215581444872
 -1.1332862240245261 15.641278525067378 11.8360027941021
 -0.46143373874586968 14.27115722361917 11.843609195528177
 0.24456243140101497 14.042604271518741 10.510189173245625
 1.1560003202992439 15.228259032153217 10.206577969128523
 2.0128889833250376 15.538585309556257 11.430553222444917
 1.1106257751062352 15.760019045892612 12.6411581140205
 0.34479644495442019 14.476102609724924 12.947328037457758
 1.3328265528615948 13.335789065180823 13.175708259889772
 2.3537921044544565 13.311635252908676 12.041811467490525
 1.6318654607520651 13.126456473207641 10.710193376346924
 2.6561287664034596 13.052466142227283 9.5814391464025181
 3.3116798430193919 14.418234085352424 9.3981178124577056
 4.5445524742786922 14.276425803736878 8.5100910750466596
 5.2422564381968177 15.62804306855895 8.3875514970821303
 4.2418413964139425 16.676151353193681 7.9086832815420909
 4.9059882810560147 18.050040473724472 7.9049954492178047
 3.8404814244817809 19.130466717166208 7.7435944855417276
 4.5120984363141066 20.496807978968206 7.6400660077463716
 5.4741876020946911 20.681464375008812 8.8100926965397548
 5.8983427101687793 22.144886983927417 8.894725503419842
 6.2697252229377707 22.648900276676439 7.5030640395783026
 5.0564532200138697 22.545558876893914 6.5832990685058519
 3.9355284359698359 23.432839361688789 7.117093944668869
 2.6369194477292073 23.109522104334303 6.3837750189910194
 1.6205030105887774 24.219876721621151 6.6341472422515393
 2.1221547321728988 25.519578709665812 6.0114143199611414
 2.4699031405634151 25.280771103920561 4.5448816841497273
 1.1873075352165245 25.073619671117928 3.7444363099782279
 1.5382683967803761 24.663629008099015 2.3170575480907036
 2.589808611781709 25.617253255483142 1.7571111479452082
 2.0473047590612654 27.043398332372156 1.7789237463366974
 0.67321457235982818 27.075891071235755 1.1159785142610432
 -0.27376296501526265 26.138950129542668 1.8603246806958349
 -0.1726522439387452 26.398995657136567 3.3606009704710509
 -1.0245593828287258 25.380508660412353 4.1126744138340454
 -0.37941158704990718 24.001448078018555 4.0094647646277419
 0.99791415634212532 24.033005873902379 4.6657070233313629
 1.7136948856574767 22.709467176557812 4.411582518074372
 1.1132843497830149 21.626268503544932 5.3031338756494524
 -0.40944051729557951 21.688025982510052 5.2245782076665606
 -0.85966805003799185 21.365139957204669 3.8027076849314336
 -2.3678216551221607 21.133022315070559 3.7862728535780752
 -3.0774254475942908 22.353746211547474 4.3650401870371001
 -2.9129271591740151 22.366883557061144 5.8820911826399334
 -1.4628262502190359 22.054126744009071 6.2399550250958908
 -1.1716317656824722 20.584878044649425 5.948081710787517
 0.17645419262139383 20.202904485361895 6.5525951093396522
 0.10727881324568675 20.328151832988741 8.0718725260086952
 -0.99052275220281105 19.4142902458984 8.6088685432559728
 -0.94566161862371401 19.406097852565953 10.134186989805865
 -1.2612929313574841 20.803220591047172 10.660590758827874
 -2.4925046720209232 21.351187106743939 9.9446813041287907
 -3.6033819831821807 20.305219827181478 9.9687655236868746
 -3.7567238895617363 19.757516615510042 11.384810527093396
 -2.4787717850829409 19.028733265682895 11.790259966201196
 -1.2847830900698713 19.964856267404389 11.626734060520121
 -0.016966045285246922 19.26126993959442 12.102425368273741
 1.2051746383841067 20.066173666922261 11.669784479020491
 0.96875405051190444 21.545905348277788 11.958186033840825
 0.51530236961332565 21.716746796227874 13.405207378794817
 0.37471533309289007 23.202673130343499 13.722908834164443
 0.16593740126088158 23.385210569386576 15.223498004632974
 -0.073752949900880049 24.861054168585714 15.528637655060065
 -0.3809064162108276 25.030817630390963 17.013734660366307
 -0.97887518581934452 26.413826690525255 17.255385834911795
 -0.98654923794153448 26.711038055648896 18.752143167736744
 0.39669968721608273 26.433401630089886 19.333706944336523
 0.33448619445387173 26.513114137629014 20.85635312696072
 -0.2628452947930473 27.85434746756458 21.272242831839179
 -0.67048415772083558 27.796726679493535 22.741659859851616
 -1.7792624025151567 26.763984413562369 22.922574801274578
 -2.9949795089199585 27.171584561942044 22.095187324794853
 -3.9932200176858816 26.018106183340969 22.054205417098029
 -3.3121046718972256 24.774824984719146 21.489395938703268
 -2.6614540880140534 25.113909821883269 20.15135584554546
 -3.6318988134462469 25.93425514985605 19.306402250515561
 -3.1005785811937727 26.041036806865801 17.879877631546325
 -2.7043348162783132 24.655178979365846 17.37881380255584
 -1.403024017141888 24.223988120547556 18.04914256318181
 -1.6325660295039768 24.059908959462803 19.5488306952474
 -2.0696372238819505 25.394346992893094 20.146258436467694
 -3.4382466730090044 25.777403632622129 19.590514082902562
 -3.8310046329234471 27.157382130528319 20.110202961213705
 -4.2295035603844857 27.053886885538176 21.579612141488798
 -5.2775006995672449 25.957392358281236 21.747176302216008
 -6.3961530076263307 26.162149248294952 20.729646140665071
 -7.4061375576490525 25.024250055032873 20.847088188879457
 -6.813657377997048 23.753153080411188 20.245460631476206
 -7.8666716722102636 22.648699593871818 20.2498642951272
 -8.900462551645143 22.92619337438294 19.162229421019724
 -8.2392124312371742 22.817359731392816 17.791251844101037
 -7.0610824446944207 23.784305247871398 17.715739573769525
 -6.5240917261281766 23.822425386803108 16.287851684899596
 -7.6332295656777873 24.265840459477669 15.338182096988033
 -8.0667937892778365 25.686217106798193 15.689220903618395
 -8.5131433946214639 25.736807100808335 17.147606546140814
 -8.7805741530562464 27.184706119108267 17.548536991790638
 -9.5694560448082964 27.214243556585561 18.854473016507342
 -9.6654778770117868 28.651153732331871 19.359195667650393
 -10.097693541944524 29.564823651969629 18.215922779431764
 -10.528691877112815 30.916123383920763 18.778866355210749
 -11.788058300547505 30.738395390309357 19.62212489908212
 -11.421090150991651 30.095271504175098 20.956441969457455
 -12.686594090541242 29.872013448978482 21.779443561056265
 -13.602516752779684 28.893348602537898 21.050076167255753
 -13.757476539195723 29.328111108744608 19.595550461814064
 -14.394664966310584 28.198522443979577 18.79137612947989
 -14.481363939000435 28.604660246885089 17.322971766511195
 -15.22713015233068 29.930726022504498 17.204404006197379


