 0 0 0
 -1.526 0 0
 -2.0353892671907348 1.4384709154066642 0
 -3.5364764193407288 1.4472930175249827 0.27447319024712424
 -4.0950808732451272 2.8419071590211349 0.0067261820152504925
 -3.3207658300113803 3.8674444613829451 0.82976047977347922
 -3.9114027120612849 5.2556445249350556 0.60014197634598121
 -3.6569059879494556 5.6853684535399713 -0.84181667860939036
 -4.5492346314103056 4.8769496680837614 -1.7793051635417791
 -4.4337200574481779 3.3937705534434568 -1.4394344571001247
 -5.1875331998894438 3.1078628689261003 -0.14378846292704561
 -5.0720186259273161 1.6246837542857957 0.19608224351460879
 -5.5349842537739198 0.79145947787080106 -0.99558722937848643
 -4.7264729956184084 1.17647621234626 -2.2312035369795331
 -5.1750367440098479 2.5484591058746697 -2.7263090848119429
 -4.3494635355377547 2.9444038684700544 -3.9471008862368935
 -2.878237058230813 3.0478615471987478 -3.5553545892753569
 -2.4477331259907076 1.7654143731355023 -2.8491877463387891
 -1.0728507405145424 1.9679250547559946 -2.218819718963533
 -0.075526781587355707 2.3863648934409949 -3.2953553766874517
 -0.6437020451255101 3.5604450866130577 -4.0874340153997935
 -0.66511195999322525 4.8063902870818715 -3.2066172507012092
 -1.6354728925797311 4.5945773868542261 -2.0480789665659813
 -1.0058964111209989 3.6577857617716978 -1.0210780390253706
 -0.45042406760748688 2.4252871848976785 -1.728943657342237
 0.47719065766061319 2.8618412567802984 -2.8592654981417893
 -0.33597392179778229 3.5634316363755225 -3.9433366701474268
 0.54409822970540256 3.8001841376522272 -5.1673045052181754
 1.5054651993544832 4.9519794346063817 -4.8883472619316244
 0.71766832945425618 6.2520592533388299 -4.7547637423642612
 -0.27597324425272596 6.1295256288987181 -3.6030962843353915
 0.47521780447775808 5.8084511379065544 -2.3141823308298384
 -0.49709645070021879 5.8329881653374356 -1.1383086456652505
 -1.5193057998369977 4.7114210486118155 -1.2990918824069562
 -0.8520134578663856 3.3691756106213662 -1.0131301462582234
 -1.8857349448239797 2.2522502506595483 -1.1252623346625419
 -3.1555485738597975 2.6568935646508836 -0.3819500611482447
 -4.1615169074901486 1.5104482779285517 -0.4306010250145661
 -5.5118712510812031 1.9952486640505651 0.089194831414393771
 -5.4566558916073769 2.1231171132105611 1.6088253535438974
 -6.7536007383907979 2.7480227939360704 2.1148915098899943
 -6.6404442204821077 3.0132493067823303 3.613399601072083
 -7.8974674313446647 3.728306512211832 4.1004949103454678
 -7.6590547764848003 4.2786524196626781 5.503689404403497
 -7.1598982864516865 3.1586979214461239 6.4121060050787166
 -8.0792839881653205 1.9479056302606272 6.2802425943451157
 -8.3179766971695095 1.6480156795966994 4.803161754255779
 -8.6631522927255808 2.9411534130749222 4.0701374637392167
 -9.9787289209460521 3.4962585677215423 4.6084611605655814
 -10.476241994654329 4.6084816275178815 3.6897029732569706
 -11.001053868563545 4.0007035991253277 2.3920688317489915
 -11.336307910283681 5.1161746975658851 1.4061657147774906
 -12.421086333764515 6.0109167655693492 1.9989290770860215
 -13.711146980931144 5.2111880178272134 2.1565788682904952
 -14.802860556028621 6.1125429586621394 2.7261372415766285
 -15.288577066980247 7.0712198099649708 1.6427655760042548
 -16.447623853541437 7.9044476963843149 2.18222626581893
 -17.561040599327356 6.9778255458915908 2.662174742657569
 -17.792879310354099 5.8811704882057665 1.6266678636260721
 -16.495515948981136 5.109577238373701 1.402685352298443
 -15.384030732989228 6.0823205045329587 1.0192180749810267
 -14.142537859710357 5.2987289422281254 0.60285800354953278
 -13.822030572550059 4.250433998134298 1.6644741248779793
 -13.513795273417626 4.9439028996020031 2.9883955285367865
 -12.201866255910781 5.7137978732243759 2.8668225767155664
 -12.378958877485541 6.8705721654463447 1.8874414250498162
 -11.02826303446705 7.533274366749092 1.6322502574106181
 -11.216630391546508 8.735684989340994 0.71170561782759245
 -9.9468601011240079 9.582064192255336 0.71299186602914955
 -8.7492652594831668 8.7043378498310329 0.36080006730337399
 -8.8558389815336973 8.2571834157312232 -1.0943188123188943
 -7.598985652056057 7.4839018810685722 -1.4829463670943346
 -7.5729694139747163 6.1493065125337898 -0.74345035112021651
 -7.7696119612896997 6.3907869730266142 0.75043548648104974
 -6.5497137190144015 7.1135071405665666 1.314527533867516
 -6.8857944544243725 7.6828815981468983 2.6898596633334799
 -5.6271077822790625 8.2747737261017029 3.3175917480869117
 -5.1020350262386591 9.4051952136715506 2.437181695154476
 -6.2554808263489035 10.325281353597589 2.0477201677553873
 -5.7667245682034487 11.352134500926285 1.030190839458266
 -4.5453791172849929 12.078708261610037 1.5861421501021522
 -4.979291874778645 13.022752561719939 2.7038076091346164
 -5.9317099839605225 14.074122748830568 2.1414941067559448
 -6.1306617701522041 15.183482010687046 3.1702876792982595
 -7.1024496654122027 16.222262851843755 2.6178036065215959
 -6.535230677572847 16.817473591393647 1.3322442748068144
 -7.3129531562524344 18.079035393994179 0.96853344959568499
 -6.9152192964660397 19.211924013362072 1.9103652567067602
 -7.4775343705842436 18.938265466075546 3.3023382294747137
 -7.0993145341588102 17.524816500139721 3.7356830990984973
 -7.5705967558681868 16.525924273991269 2.6826952605928236
 -9.0294251189827239 16.805076310171117 2.3325953496114078
 -9.9261685609076178 16.335568586416485 3.4745628170549532
 -9.5091438924997043 17.029567829772571 4.7680586524407644
 -9.4067510798306486 18.533278038960766 4.5292128471669573
 -8.5798074035765595 18.794466419473324 3.273577236733507
 -7.1294226564381358 18.392903494113472 3.5261783100579027
 -7.0399584831605972 16.877367218556724 3.680521949937662
 -5.6557910374221843 16.499052538391293 4.1997853560518568
 -5.3096395661370535 17.366882701669784 5.406320049556836
 -5.5067241484322276 18.837410472815634 5.049414261273232
 -5.5280644736544131 19.673019291350304 6.3261203718979466
 -5.8974860088001408 21.11396202805232 5.9856974600423323
 -4.7578456797414059 21.760864244120775 5.2037681517103014
 -3.5008963654258558 21.793311398254964 6.0684655574137354
 -2.3973931908175059 22.550209775257919 5.3349387409171785
 -2.9028152945080459 23.936314903332331 4.9451476801848511
 -3.3677829509504535 24.678921346171254 6.1945542391225574
 -2.293578150333345 24.582013919514871 7.2740768173903678
 -1.9579579015116024 23.11528321589314 7.5285096997662677
 -3.1928495210963819 22.395433912082762 8.0628650756005342
 -2.8376558027386114 20.947310448848583 8.3875985935345643
 -1.5243236899732315 20.906674458822621 9.1636034117501612
 -1.65900387829006 21.73714306751798 10.436733073978845
 -2.7444522726899403 21.135662603644747 11.32482036398673
 -2.2494498681879698 19.817009197420269 11.912018638668995
 -1.224271604565855 20.099708435549182 13.006443907272596
 0.096964233613886952 20.521661455143814 12.370073331927983
 0.79299608963699608 19.297564357272964 11.78202405645426
 0.034424062845200054 18.825506086659118 10.544928478370645
 0.89832238823452393 17.840313813242126 9.7627827964232452
 2.0816352108666649 18.579572645207051 9.1447673086268679
 2.9568689249110149 19.156980523605583 10.253479213389969
 2.2003820124861098 20.27077634797892 10.971714838333712
 0.8300224889906731 19.758255145369898 11.405434555710668
 -0.0011833162038289435 20.919387195592375 11.94352866584112
 -1.3433149522198811 20.395174301565209 12.446081661395345
 -2.0909742955902031 19.724919239226772 11.296977811571171
 -3.4539201173421938 19.244753597145635 11.787381362877221
 -4.2790295894279984 18.755737242872897 10.600480623839594
 -4.2824274168203917 19.821855697781022 9.5086675011517876
 -5.0446988597318088 19.30323932220163 8.2926677880339668
 -5.3508433314072903 20.463832790815445 7.3503438718175342
 -5.7683737759235463 19.917398972280129 5.9880831002091934
 -4.6256135619290903 19.097423880335153 5.3961236912112849
 -5.033946684402677 18.571662246914389 4.0229832155447633
 -5.2752375334319925 19.746091050347864 3.0789643005645031
 -3.95990710335328 20.47900802737594 2.8311446796847988
 -2.8822954341186184 19.472668943797668 2.4378118191301428
 -2.8501504285758203 18.336628291773437 3.4561704669389517
 -4.0735950708845028 17.445129888066962 3.2635833349831409
 -3.9787790156719907 16.241474913832693 4.1968038976986328
 -2.862802228180227 15.315349691676373 3.7218682360922961
 -2.9575587152216771 13.983212553360559 4.4601824326802362
 -4.2058365701871505 13.234530853804808 4.0019749365029149
 -5.4455634628757643 13.905792117296086 4.5860652956775105
 -5.5837822104733759 15.311363833961687 4.008190112681878
 -5.6942187481768674 15.22871847099316 2.4884370027591363
 -4.6474641763379161 14.255497770444842 1.9538134582360047
 -3.270789171290633 14.912258834002772 1.9997137400684815
 -2.1965053693937211 13.862910374645619 1.7286821481337713
 -2.3297168905576799 13.355920939398915 0.29554140027353726
 -3.5715185967204079 12.476619876342937 0.17963556314724519
 -4.8152301541625935 13.310126742652775 0.47480308456358911
 -4.5703666393264788 14.170214144715267 1.7113173464770834
 -5.8227600484070843 14.98522306815655 2.0210708026362063
 -6.0666368934398847 15.990587231636274 0.89926735138124791
 -6.2334257829660018 15.247670668705378 -0.42320474543348885
 -7.3753418014886645 14.242631142371232 -0.30237694586996322
 -8.5743041918387011 14.911533999729743 0.36375678990966753
 -8.1521498117840672 15.487139216983895 1.7125118874979823
 -9.2717255764305282 16.364814354155609 2.2647006784081962
 -9.6371172101249165 17.431391145246746 1.236314125242582
 -8.5101312398180564 18.455993202815804 1.142669870978164
 -8.2205798668425185 19.022926078169696 2.5295451780086573
 -9.4348377286121927 19.803515214186227 3.0244537007312773
 -9.1452863556366548 20.370448089540119 4.4113290077617702
 -10.207721038214652 21.405251285537169 4.7706212158732964
 -11.59001384089402 20.763060315861914 4.6962346167552029
 -11.647494026908189 19.566809764052312 5.6419389286365504
 -10.852338586106399 18.408284946530515 5.0467716646263678
 -9.3894369448465849 18.816915859700813 4.8997493370671474
 -9.3096908966445753 20.218246873872648 4.3009271960968345
 -9.7510072996315369 21.24295483892406 5.3420272963824962
 -8.8993312961697253 21.091136140002824 6.599117216708466
 -9.3071310041885322 22.148154953983383 7.621412000531059
 -10.806428586049616 22.047901771154756 7.8873669973974758
 -11.209855201872182 23.088465574333537 8.9281118927296781
 -12.682194938265933 22.906923904799456 9.2857909707573647
 -13.177194289835404 24.134827934920413 10.04467392270614
 -14.627955011993109 23.921848699174628 10.46729570655735
 -15.230528070121132 25.252540651735895 10.908703269934886
 -14.53045548547715 25.733120789420624 12.176621685091316
 -14.83968831246132 24.775175832503638 13.323527312522216
 -14.420501153169006 25.411400571587333 14.645713459349619
 -15.427919979120821 26.489796118137242 15.034102895739384
 -15.41893457596783 27.597148719746038 13.984166955674286
 -16.52783525328007 28.599448267474603 14.291430530605551
 -17.811381836752304 27.849372258865458 14.63577069579938
 -18.884818311253991 28.846188312137237 15.06328431096156
 -20.249442080444975 28.163386046875736 15.04718974315954
 -20.175606686062611 26.858803955379937 15.835409192986056
 -21.540230455253596 26.176001690118436 15.819314625184038
 -22.627071227109404 27.2024639159232 16.125628901096498
 -22.630993125726778 28.278499202494423 15.043589770212227
 -23.457256986398214 29.471766877416925 15.514839479531339
 -22.955582581598364 29.931099366378621 16.880860144145508
 -21.611736267771384 30.635856402679629 16.719396202047477
 -21.252492713758663 31.351438581795573 18.018458253618515
 -21.232514079790434 30.34524695515119 19.165565600232362
 -22.663474428296627 29.962789427770382 19.532655127122972
 -23.470416242279963 31.225625908581417 19.820344076472875
 -24.94587700514947 30.864902228437202 19.967211240317376
 -25.451740340230934 30.249237819288084 18.665775255903508
 -26.97763884018493 30.232084470116718 18.669716125138276
 -27.479682165770136 29.319396879694423 17.554534587663564
 -26.975719233138026 27.898920007997962 17.793161533979855
 -27.63251819792626 27.329352742186884 19.04730835535667
 -29.122515284576849 27.120873394956469 18.792120104155508
 -29.715259274063168 26.263947535884032 19.907023075261414
 -31.199900332956478 26.034727770863615 19.63874108635401
 -31.900345696984619 27.379723344068346 19.468332166190997
 -33.375079123567566 27.149428357022074 19.150839584450502
 -34.036735557034469 28.481515800266649 18.809621461247826
 -33.807620200495649 29.470667786551381 19.948814377933594
 -34.270025614963188 30.859675315429516 19.518099486861868
 -33.547705121732847 31.262052471214123 18.2355154819865
 -33.876431882348093 32.713917941485484 17.899805230297499
 -33.227760002473609 33.634332980694786 18.929726075730489
 -33.826331886601018 35.033047895398084 18.811470898597843
 -35.349172311919062 34.939652564262666 18.841642924370529
 -35.831616798719097 34.101686452801388 17.66107691046081
 -35.244046560865968 34.658343210794108 16.367411393655861
 -35.814294897367006 36.049466827195076 16.106130091972677
 -35.497588498667135 36.960213713315362 17.288886688422139
 -33.990712185788865 36.977787260679186 17.529076088936449
 -33.684603493288925 37.787643235644261 18.785701239165945
 -34.169040044077313 37.02366044093948 20.014655069728867
 -33.818498423301115 37.810342025606282 21.274388635388561
 -34.51561428693568 39.167317698831397 21.238022511808506
 -36.023272040615694 38.96249502745804 21.121010670271033
 -36.737611625580783 40.289939137084417 21.358259681164856
 -38.197005998757902 40.166772487379191 20.929687586950458
 -38.277608082418361 40.109340616625317 19.406900377806888
 -37.783582300556141 38.749535039320676 18.921572325056417
 -38.848192887328068 37.692057138913711 19.199098519647105
 -40.072680051530064 37.961424845301835 18.32918575191707
 -39.626030619844009 38.276067531164564 16.904341807687537
 -38.789060059352934 39.552059021148651 16.902928174276429
 -38.48881798015848 39.962720405098985 15.464217667741861
 -39.794586533506774 40.068533462762105 14.681627045567886
 -40.724339053248364 41.061032099050365 15.373857288334028
 -39.961282709820772 42.347159988484734 15.677659968990369
 -39.427242978402496 42.941780403426087 14.377696843589638
 -38.728523992780204 44.26600194270565 14.672493543094543
 -39.768444404739121 45.31869902689656 15.045414963406014
 -40.813954442724217 45.41654248795097 13.938160964722217
 -40.115152459696283 45.542300057558251 12.587406796783927
 -39.039432650032516 44.466515011869411 12.468287417297685
 -38.224291894500588 44.416302262633842 13.757356937721237
 -39.155309464099105 44.160861382729507 14.939148899943241
 -39.626112461594502 42.709551614470477 14.912306878685104
 -40.654693169496881 42.528194349071967 13.799739006769784
 -41.869645434364713 43.407681175946635 14.080932739712766
 -42.948828016607315 43.134410358976581 13.037206714945407
 -43.482467517988646 41.715932216783209 13.215601341224037
 -44.677062911975241 41.501024979614286 12.290705279994238
 -45.803003229954484 42.453308291267007 12.683249410884631
 -46.916997716016908 42.381328168490221 11.642811451683066
 -47.921951910067868 43.501845161748093 11.894177192546222
 -49.175308097895162 43.259001904772411 11.058233762057981
 -49.656213782952285 41.82570620955336 11.265764897423812
 -50.142886115912511 41.654606165592675 12.701923250561679
 -51.372197862733948 42.529294814474767 12.930808367254754
 -52.373119829381082 42.307016994917987 11.800576626585485
 -52.791807239145662 40.839853617812928 11.772142882789201
 -51.605282964652439 39.979679448887786 11.346776516991154
 -50.529160269583571 40.025841795556843 12.427750606832204
 -50.315585257967356 41.469863798096569 12.872567614818923
 -51.666820422800775 42.12285690974133 13.149044603847033
 -52.519013832089101 41.188306217521308 14.002893183418715
 -51.965310962189577 41.150375954951869 15.42438902479371
 -52.267781460836652 42.472226250102068 16.124317160147246
 -51.678038557162495 43.623740067204523 15.315061182975578
 -50.164668431473181 43.659147476614542 15.50776089244593
 -49.556893674587492 42.351364480242047 15.008772436375581
 -48.041043049038855 42.39667592594337 15.1785362544059
 -47.464816931448631 43.514277967646741 14.31389463050192
 -47.561527087327264 43.121338116090222 12.842527436763856
 -46.852723115544563 44.168295825627233 11.98803783236481
 -45.342887984234672 44.029488236509138 12.160682929212731
 -44.945677049522303 42.563721296867634 12.010927288254356
 -44.996204217663809 42.170256541922612 10.537391237831562
 -44.256770727909839 40.850513707844556 10.336909402919165
 -42.892093690760831 40.922972227718802 11.015939849346863
 -42.142620626856406 39.612305424900867 10.794312553030103
 -42.105792874517533 39.29251893350483 9.3026502867720087
 -43.500962412705427 38.890092208641605 8.8333628579734036
 -43.901561365455322 37.5749726889999 9.4956748147679395
 -43.78611583995739 37.711937673705229 11.011124887718919
 -44.257576298430642 36.422126238680761 11.676547684274812
 -43.825909692082185 36.416787036703347 13.140211386730334
 -44.402788287926271 37.640674011521853 13.845893863859052
 -43.851578096926694 37.716305027130723 15.26685243989712
 -44.387133237951964 36.544099929870882 16.084037792726814
 -43.599983803593418 36.429182344320651 17.386291883340576
 -44.135538944618688 35.256977247060803 18.203477236170272
 -43.584328753619111 35.332608262669673 19.62443581220834
 -44.180370554551345 36.542489138067872 20.33829745068396
 -43.788622667110324 37.816438900866473 19.595154399481277
 -42.268055309242726 37.904095634061449 19.500988549444809
 -41.65627824036406 37.632828484087334 20.872418077834475
 -40.136994092447956 37.74496646325845 20.7836670129495
 -39.506781878614682 37.1216191272419 22.025821055013683
 -40.092250296165837 37.772932513964705 23.275498455115716
 -39.842697515945481 39.277706492584322 23.230169842148626
 -38.35731327153524 39.541010300509484 22.99999436302479
 -37.546788483700482 38.904710072870792 24.12553760458076
 -37.897062818946345 39.578362541761777 25.449235546418361
 -37.142699892362479 38.892925271673754 26.584924026491151
 -35.643196650359187 39.112035128896167 26.405600582152271
 -34.882607484976134 38.324495302110229 27.468596886345207
 -33.422816108117409 38.768827062226869 27.484547528982034
 -32.699341337298321 38.184819052241814 26.274508314633376
 -33.426135734122617 38.598306468929181 24.99799977138505
 -33.358471987480605 40.114776422109784 24.841741976409111
 -31.938940937142359 40.593900858767043 25.131651223111291
 -31.877099573320947 42.112925358079764 24.999680710463963
 -30.419522698147702 42.564693747674148 24.992541023953997
 -29.696684091100188 41.972239374951315 26.198848681395976
 -30.443298441344673 42.348529650284718 27.475425604537886
 -31.802370118083132 41.654803166490296 27.493965916549879
 -32.579194788054544 42.089288114310285 28.733498998900494
 -34.020325547606006 41.598362756818304 28.629525794439221
 -34.680872630439389 42.214516743060642 27.399603920254552
 -34.782156086392071 43.726494356129436 27.579440955175105
 -35.677567109938721 44.310171170626177 26.490296118557854
 -37.021302805309681 43.586957121213871 26.493734100311137
 -37.831565155221092 44.023391222342354 27.710975325248974
 -38.150932290784574 45.511712084580068 27.603357279597198
 -36.856310973271562 46.316709736878664 27.671257382944539
 -35.901945547522736 45.839517202967222 26.580317458056648
 -35.824578765101968 44.315634436698183 26.602036013396077
 -35.021913614076226 43.863627358060356 27.818627257894438
 -35.619638125435671 44.479115119185003 29.080600405162567
 -35.89347719760783 45.961557561892377 28.843846172652086
 -36.229756078616198 46.635734109046972 30.170902500565266
 -36.624455652224484 48.088089461071725 29.918806927342647
 -37.287153517263022 48.660163369018683 31.168702516389832
 -36.367549275660458 48.459809951268802 32.369894652071075
 -35.083275415990613 49.258668742882477 32.167061507762213
 -34.142954031944981 49.019053478492282 33.344795017422896
 -33.59215809807565 47.597594287275982 33.275848611137626
 -34.74869560353185 46.602107469520959 33.285997214444755
 -34.215734596121031 45.205184287181005 33.591339951743024
 -33.228514262622156 45.279213429906889 34.752628761279041
 -33.951716778806691 45.763961440249979 36.005893891669544
 -34.624745029077886 47.103295440097547 35.719723643060163
 -35.84247770589544 46.881076151577673 34.827299015643128
 -36.641272292299107 48.177159070275948 34.723509437213053
 -36.824668935767832 48.775338714476298 36.115350945585575
 -37.597808756208337 47.795336833503328 36.99314769389273
 -38.040218369246581 48.497975528430395 38.273479134841708
 -39.073209830795136 47.637775222810461 38.995739527345066
 -39.497204876603398 48.328791740456872 40.28856603290172
 -38.283107133143545 48.49841400163784 41.197340459169041
 -37.891491071386518 47.144449444156443 41.782227488652566
 -36.59224878392439 47.286403160737336 42.569942297970627
 -36.056119550470221 45.901739367771825 42.922004260537086
 -35.445068442863189 45.260944381611978 41.679154981821213
 -34.318787019528123 46.14515086719296 41.151570821419462
 -33.167859762231238 46.156096210237465 42.153530225725177
 -32.845975680395661 44.725278972578657 42.575227593845035
 -32.68727711752647 43.851881839198235 41.333991027534623
 -32.292220564376066 42.438623624075809 41.752688456714509
 -33.161609950203122 41.992863612462585 42.924923973945489
 -34.631898403586632 42.054475515855508 42.521028149248842
 -34.981982324987079 43.475117718259817 42.087561909819904
 -36.463958091152726 43.548322689739173 41.731100326127645
 -36.757346489435491 44.878593273175831 41.043365331674039
 -35.722769934776409 45.125380749128226 39.949096948569263
 -35.8269947846956 46.569064304727348 39.465784449297892
 -35.666314445028569 47.516066327991517 40.651552131594045
 -34.323322969052668 47.260185700787225 41.329471743404739
 -34.248001277382187 45.803217603394096 41.77696096779173
 -34.336313026107526 44.890494130289611 40.557201607638632
 -34.610592385462951 43.45945397359727 41.010600883074169
 -36.048935449949965 43.349656252541557 41.508385665176867
 -36.306191163618813 44.422015712283091 42.563156107921408
 -35.134710484846231 44.467077711366237 43.540027867929403
 -34.97148504753622 43.102328930004539 44.202971470648869
 -36.289366580310244 42.690917785460591 44.853052339247682
 -36.795931558747156 43.825002475524435 45.739573539436343
 -38.193255805263888 43.486485609866122 46.251010027928587
 -38.789549714551207 44.705646503431311 46.948689244580571
 -37.742925418922432 45.329323982047022 47.867536340928517
 -36.457569625218518 45.57509801625153 47.08259582872229
 -35.838283963612163 44.237518232878763 46.687574826190549
 -36.900686293100264 43.356907295248959 46.036036901872279
 -36.250868499585053 42.081429648854574 45.507293477535669
 -35.088270503696414 42.445285421210436 44.588244579555273
 -34.14353004579975 43.398279999446601 45.314841304751326
 -33.820088858360215 42.83919329586471 46.697405536946555
 -33.174815150404804 41.46394195895418 46.552555262016838
 -34.10774233480921 40.543294252886881 45.771062670937283
 -34.581223777673081 41.252834611316359 44.50573907476781
 -35.432979149381474 42.460188069663197 44.887165887385592
 -35.657311310097697 43.334474958874836 43.656729575737984
 -36.174073619279355 44.702898227647239 44.09152892404871
 -37.410291507885177 44.52548157354866 44.96843522619244
 -37.0009086952386 43.926030369653652 46.310724303425189
 -38.24629926872899 43.473125214595647 47.067398103674087
 -39.173672957946714 44.665811414020652 47.282232156486458
 -39.363734360373527 45.407540667610547 45.96223580131101
 -39.956050007172671 44.457836911224135 44.924979348131572
 -38.94582593836585 43.360148115139239 44.603727674590367
 -38.598039082206931 42.598671426140527 45.879609156074672
 -37.882751138569681 43.532827940265285 46.851406853543345
 -37.7785262382654 42.862923616427558 48.218535730811325
 -37.199039405026753 43.8507837218351 49.227001606410091
 -38.027317115689016 45.132406358357855 49.21831531994949
 -37.350305886519067 46.182397852973089 50.094585630306625
 -36.029439255106986 46.603334028418679 49.456776820220647
 -35.117183651855257 45.387190440066711 49.324638684748145
 -35.883266179246171 44.245250132672069 48.662999889351653
 -35.074214157368942 42.956318239173811 48.775983958225517
 -35.669006727068137 41.898768908872647 47.850518014492245
 -37.165575215874483 41.770013893407381 48.119555008796702
 -37.857608716512274 43.089765961579516 47.79089087544731
 -39.369720315991863 42.911103923570771 47.892253525835827
 -40.051754117523757 44.272010765285906 47.785302781374519
 -39.664811693570655 44.933405767712131 46.465640623354197
 -38.150226339689631 44.871796624475685 46.289823902651335
 -37.728449486510392 43.432927140215341 46.006213442007656
 -38.270299086336749 42.518104166114966 47.100824759885427
 -37.977480812081957 41.064346085802519 46.740934634724091
 -38.896286919317674 40.626001954635257 45.604129567890951
 -40.309902293768353 40.422074944381912 46.141513367056632
 -40.325213876459642 39.231473253087174 47.095928983086424
 -41.758895352214672 38.950223169653619 47.536532905726077
 -42.212387227319404 40.030257438562955 48.514565163473954
 -43.690482186759297 39.834883841195811 48.839742727783282
 -44.518628665746505 40.007707552969151 47.569710691183452
 -44.441322330937389 41.459089911696594 47.104749424653562
 -45.145285269383074 42.356841405162569 48.118235703433136
 -46.656402612841852 42.200842767449259 47.973789175854165
 -47.359441563307577 43.315001256483654 48.743895074702223
 -46.876499121243796 44.669814357888797 48.234067596123062
 -47.734084556117892 45.777206322116342 48.839795471869259
 -49.20614267893248 45.383204505706338 48.759275587858205
 -49.464264147116424 44.188082802331685 49.672365628207665
 -49.046220651371904 44.536588601088951 51.098009112357261
 -49.90677077565973 45.686048412767015 51.61460530371486
 -49.721831823316535 45.822770206927188 53.123174405515556
 -48.250735097527361 46.082773613560946 53.434540190262631
 -48.001269790280304 45.875315867243891 54.925648618235968
 -48.259986315420278 44.415498091558121 55.28713696024893
 -49.73652783995653 44.092609358340063 55.076794400882214
 -50.583154968917569 44.942061901501475 56.020366804793923
 -50.14478726435626 46.400592839384146 55.924464464693806
 -48.637993083923909 46.495269177280399 56.146463763921737
 -48.15681636702066 47.897346290867766 55.78407621630916
 -46.681067616548454 48.038787982738633 56.145788634233085
 -46.477770864895412 47.665429339324831 57.611377169312242
 -45.07943085783225 48.08571665283219 58.054863131605636
 -44.844861540683368 49.547041936663419 57.683135206520888
 -45.2813501800685 49.78190807855205 56.23987793109076
 -46.80355326045354 49.720369489961151 56.151635173991487
 -47.230748730515302 49.755899998270891 54.687081449016574
 -48.754244286094561 49.744529010133938 54.600432774710676
 -49.290931237996794 48.46405775199355 55.233707180268162
 -48.864961031340151 48.402520953897657 56.697755883529403
 -49.425115663713804 49.610950221361847 57.442471596648325
 -50.949827329947865 49.548272350784089 57.441122749167434
 -51.507214328568601 50.68712895758712 58.290240740326254
 -50.858750467701739 52.002226987339739 57.867525950792768
 -49.354332711405185 51.930384025657794 58.112968007898615
 -48.70923535007482 53.254371427725921 57.713489906409414
 -49.117223614079656 54.339634854868429 58.705671779929155
 -48.763662260767987 53.894193347911951 60.121741069662072
 -49.10306550975006 55.009610939841139 61.106284126209232
 -48.89029573878917 54.511883700336647 62.533054121555509
 -47.427303198784344 54.122034039698001 62.723700574420718
 -46.52987706665828 55.234630829885006 62.18944340802728
 -46.533852746545612 56.40608962848718 63.167372074723836
 -45.488863353637669 57.431818079405808 62.737774223605037
 -45.969824543102327 58.153853495084306 61.482378989929742
 -44.883087878071791 59.108257049637345 60.995764896489398
 -45.204740726407735 59.564920245186471 59.575668360690457
 -45.046813015254926 58.390055317045622 58.614717145136538
 -45.172638450227055 58.887101227675863 57.177431744584595
 -45.08927892005525 57.702142181363556 56.219517736287351
 -46.074584334249558 56.622468869637551 56.657872365219134
 -45.743108477277772 56.1771081877732 58.079298979326971
 -46.81416026910545 55.208422737364138 58.572424275157999
 -46.702446204651132 55.05315513081699 60.086388587207708
 -45.443068945453739 54.260979264737657 60.42565590985734
 -45.395669811873148 53.998564657628556 61.92817642423028
 -46.650821973614192 53.241696406848604 62.35293459288394
 -47.876102389230653 54.125184958196144 62.136574054096215
 -49.072588629046827 53.525119668994492 62.869389396884443
 -48.696233153925803 53.254910887513539 64.323356305296372
 -48.460856137282903 54.579682861458238 65.043254129356754
 -47.470514079969199 55.423699613818407 64.2460500580858
 -47.441417110737049 56.841916519475348 64.808624653042131
 -46.734718240838561 57.766927533177849 63.821909227089343
 -46.941866443041036 59.218062504070772 64.246141378836228
 -48.410065170752532 59.595374148463918 64.070914614466133
 -49.249009237485538 58.881468758468259 65.126939210310638
 -50.706204610947459 59.316153077400593 64.999239615810765
 -50.814275601625276 60.816893369658224 65.253749411630722
 -52.281826799836388 61.234155049961103 65.224386666870203
 -53.022307180610355 60.574349961419514 66.384137524090576
 -52.738057788152311 59.07505787529908 66.382903269743309
 -53.7451240642079 58.364924754589055 67.283016855076909
 -53.658420403975107 56.858525589301706 67.055157183077398
 -54.87532537554091 56.178555945123769 67.676011089544048
 -56.149472347982886 56.805371956063574 67.117148690516885
 -56.335881489740714 56.372520118091103 65.6657469824316
 -57.426634882681221 57.220247499408835 65.017448191168754
 -57.033506447821985 58.693274957302862 65.083145542677812
 -57.225728709082141 59.208801638904241 66.506507352911953
 -56.207871055412603 58.545887856411447 67.43018863660636
 -56.407834386709922 57.033231712353896 67.40648091673863
 -57.848696509597531 56.703871697980837 67.786104840852929
 -58.770820600622962 57.026650293002781 66.613851822368389
 -60.204964931264357 56.650922148585565 66.97542394571569
 -61.159422677364127 57.217368244203641 65.928129702597218
 -61.009468753173344 58.734870065321893 65.87000876383604
 -61.459219512238001 59.342328289986071 67.195676429583585
 -60.700501486866671 58.68079337140707 68.342582925108488
 -61.158043876679081 57.232231406661796 68.487493917852248
 -62.548148549457295 57.19756845203031 69.11605058060934
 -63.489962346464075 58.095887358701759 68.319378807741614
 -63.153293533423827 59.558554312435298 68.594942761810046
 -61.798788450213507 59.894533306229128 67.977601611969362
 -61.941934523797045 60.000476145975242 66.462028678612455
 -60.618112573542035 60.457604608044448 65.85605424582738
 -59.521793039411442 59.458516127231249 66.214637132465853
 -59.782909473045635 58.136766577062822 65.498067293081277
 -59.470425646944072 58.292297626285567 64.012523637999905
 -60.006262805437046 57.08392364138345 63.2500363579815
 -61.504473458119548 56.944588644664677 63.50425397908198
 -61.782080831173886 57.077688831085865 64.998875833197744
 -60.920245334340855 56.080392571387456 65.767846409221335
 -59.445902156107586 56.366658421921834 65.497587171424016
 -58.582708141866945 55.468961876293832 66.37946755205769
 -58.627729296198979 55.973776131864419 67.818846467783231
 -58.119212978273453 57.411627748463154 67.870517378824033
 -56.761985267062052 57.497122047096802 67.178202663668458
 -55.804022862029591 56.490685620905339 67.809130354120612
 -55.828413070101284 56.646621135985221 69.326946295823333
 -57.186387918583421 56.202396715238891 69.862898695670964
 -58.230386799128304 57.27176736898609 69.554371966966244
 -59.583220620199178 56.838855845352789 70.112139181198316
 -60.585836030257745 57.979015922029021 69.958929067084824
 -61.910151339320322 57.583124001812479 70.605562309108208
 -62.927899310964634 58.703041620538357 70.408967310491377
 -63.013359497315136 59.059431847561044 68.927630561932304
 -64.150627473246757 60.052828207981605 68.707491464942464
 -64.333124114198441 60.294973749934272 67.211919162259065
 -63.168716773799844 61.128806207135426 66.685084293496871
 -63.338323193363436 61.349941167918715 65.184748000673792
 -64.429095000173234 62.389426266144248 64.943162413281129
 -63.980880502356364 63.737215316176624 65.501055270879704
 -63.772876831199618 63.620876779303458 67.008329571603838
 -62.795367071421623 62.486349038903924 67.30158283382373
 -62.644679187386728 62.321211784249641 68.81111880515077
 -62.160883380187975 63.633558498894793 69.421334928747072
 -60.691616764965708 63.847949088640377 69.069243621808425
 -60.2010392328622 65.147904889617038 69.700214778441008
 -60.886620904593585 66.332305806784788 69.025049436618644
 -60.849219365029768 66.147063331464054 67.51079636986421
 -61.660724288469602 64.912587604402106 67.128428172274909
 -61.347361485200828 64.523530420029005 65.686514769599455
 -59.893594149034918 64.070716949550345 65.585537082707361
 -59.515209712191094 63.896232909962407 64.117526000363853
 -59.444434010826939 65.263593417651066 63.443736684546408
 -59.288243100868833 65.081392285841403 61.9367253550556
 -60.496542815261847 64.328990531047978 61.386653178353818
 -61.778177505643015 64.975654022144738 61.904258094959182
 -62.025346245069997 66.284243165477136 61.159155371703825
 -63.420668155150111 66.804493798234319 61.492460106692789
 -63.640704978774316 66.741890788712027 63.001214778416475
 -65.061851041612513 67.191714809602743 63.327831095077336
 -65.258853336531743 68.632741012826145 62.865976596972153
 -64.523669787299582 69.576354894384224 63.813485959178784
 -63.097198789870014 69.076977484088104 64.024385687908207
 -62.369742128606276 70.006737736593649 64.991354497562256
 -62.608749525217561 71.456880707779632 64.580700351735274
 -64.089253954086658 71.792751033581354 64.735534974300023
 -64.893936226031883 71.050062442242179 63.672719798687815
 -64.693920282165152 69.546563700800704 63.840532660778045
 -63.201116492236622 69.232986091650858 63.883913852725797
 -62.578655069934833 69.528997814538954 62.522445954588356
 -63.375840648590291 68.818243232939395 61.432492250104119
 -62.966360415915673 69.360592566470885 60.066161711959481
 -63.941731185939844 68.858223812885029 59.005523462412086
 -63.503845171330738 69.359729705368224 57.632416154874065
 -64.601200747366136 69.072787958067636 56.611558097453738
 -64.803620534587225 67.56504557287532 56.491495073854217
 -63.495585108321634 66.908254408945069 56.059818469650033
 -63.59730615292699 65.397504755586752 56.249461064976174
 -64.87135890041084 64.885206071647872 55.583866852964633
 -64.976152266224204 65.460023688827164 54.174157997398439
 -66.381306827493276 65.22024978621495 53.629433172766085
 -66.540599180269467 63.747879609334454 53.261427726366406
 -66.083058291336869 62.87856856148818 54.429173690627081
 -64.597978788501933 63.11479171702198 54.688814771831716
 -64.059789936590548 62.017550542822597 55.602647669751121
 -64.882174025962115 61.975747181060449 56.887409471990665
 -64.55306963941905 63.19585389989453 57.742807564935667
 -63.038664845381525 63.340734682295441 57.862238208771224
 -62.425712127428874 61.993333464912084 58.233014320391455
 -60.969173331146102 62.191748648946515 58.64265092723663
 -60.145716134911446 62.587800052637988 57.420465371928728
 -60.464424923025994 61.644512862137816 56.26404417503862
 -61.871646959638582 61.929559542502759 55.747178109519943
 -61.91987980083227 63.332233583051 55.148132928417247
 -60.721612073157978 63.533316363926971 54.22487989265219
 -60.884734482851378 64.841397196865657 53.456120103150838
 -59.577803864854786 65.180822292615829 52.745205928219754
 -59.182765413182885 64.027489051335451 51.827358960442304
 -57.863073578661592 64.356296644444768 51.135278742106735
 -56.733294054896767 64.344929526793379 52.161019945489898
 -56.895474517704351 65.528440116524564 53.110586257801764
 -58.063286477062917 65.265786129684273 54.057108371001412
 -59.3789730948426 65.453856009828002 53.307258756759936
 -59.580615509706021 66.93403225079085 52.995658640878922
 -59.520990323479168 67.739832599753385 54.290188144126788
 -58.086136976130511 67.764713112547653 54.809083925267238
 -58.026511789903658 68.570513461510188 56.103613428515104
 -59.060117657440131 68.03048518953878 57.087841235511867
 -60.460160833653568 68.415992546297119 56.618864495552096
 -60.753582329012083 67.740717069248277 55.282233336197379
 -62.03917137152618 68.314229995924876 54.693149524925637
 -61.940611138285256 69.836121810842073 54.640166658719416
 -61.715154686350168 70.381280579615392 56.047521377726071
 -61.863961927208855 71.899959526686359 56.035411018882115
 -61.836711376774744 72.425895636254808 57.467655626535766
 -60.705117696175357 71.750333919768636 58.236933280732032
 -59.389783577144136 71.952560525007087 57.490155833666307
 -59.061384196409861 73.441627232137975 57.430908990310662
 -59.246858166052498 74.05957806584756 58.813808904875174
 -60.7222081481193 74.009392591207984 59.200461007611722
 -60.965682706526437 74.920570459200079 60.400107218913092
 -60.584024945740062 76.35291443881934 60.037610215229066
 -60.612925251256883 77.220872470709082 61.292396901171749
 -59.584317407318771 76.703147547099363 62.293697458877681
 -58.227524912274873 76.570999316460387 61.607893572528631
 -57.210414062272655 76.006359841470726 62.595488520921478
 -55.927991551043235 75.641502480840316 61.853230069244603
 -55.541664936911886 76.78023881193225 60.913705021433216
 -54.301568063370738 76.384914624048946 60.11711571023968
 -53.697454835607402 77.625766257122123 59.46595487546773
 -53.537873935239247 78.724113354607681 60.51325788304608
 -52.656846113354476 78.218131279081689 61.651874638724344
 -53.341298200427268 77.041253962764074 62.341193957210812
 -52.407879460902414 76.456506141890273 63.397354665951234
 -51.02080253703501 76.252808428146068 62.794693194899835
 -50.107493002894898 75.599232912521131 63.827834395425818
 -50.780969261335123 74.347916284972086 64.383993030112478
 -49.912912045750588 73.749940735812189 65.487432159869272
 -49.736386301578776 74.771911153417193 66.606847689145482
 -49.130853856368248 74.088603614369788 67.829589389128856
 -47.646952938252085 73.82940509919645 67.585601285021596
 -47.47279883704784 73.053409490078522 66.283227619876541
 -48.211676513770499 71.721801634218409 66.380983934518895
 -49.706249995998768 71.979725569863518 66.549510934258748
 -50.40587302657778 70.682038584776876 66.943480607990224
 -51.900446508806048 70.939962520421986 67.112007607730078
 -52.518769967357059 71.258312383200291 65.753697825142012
 -51.869106354218225 72.514318014575451 65.18005765594431
 -52.690595743320756 73.017623784477053 63.99662430945807
 -52.112852048634764 74.340314595855972 63.501268638506097
 -52.448135537839526 75.447256933519057 64.496728151974906
 -51.666224667167 75.224929532382689 65.788185436219322
 -51.870706550006339 73.790477327628835 66.26694428142973
 -51.196532566705194 72.827657675935484 65.293731170876413
 -49.681419271936157 72.92734821026167 65.445946483443109
 -49.015440772817854 71.80019307790522 64.661937589160289
 -49.250848954477767 70.473370659143413 65.378039018483349
 -50.716493292194045 70.072099795917381 65.238237839497089
 -50.88870453397201 68.61628281028311 65.662049345409699
 -49.837589924321264 67.755648199079857 64.966965074707431
 -49.958427046113037 67.925749339611784 63.455297124399983
 -49.185212641487638 66.812635919099648 62.754016868328662
 -49.807199737386625 65.46321245641802 63.101672403160727
 -49.55063179752667 65.14784698994481 64.572520292914135
 -50.088011717968669 66.283769836270835 65.438302083147804
 -51.560872674430385 66.517796766400323 65.114901404569721
 -52.039259943153098 67.789233719974902 65.810077421279814
 -53.465617826385298 68.105036327249749 65.36911494874991
 -54.326122255005529 66.850748251137205 65.491465062958099
 -54.177714481518805 66.265921463005355 66.89311721690072
 -54.875549521258655 64.910283801185159 66.95595659281949
 -54.481596413358623 64.193812199715481 68.244422887707827
 -53.011830752950452 63.789536167880698 68.173530056132506
 -52.824139344834258 62.740696232549524 67.081109475324098
 -53.850336316912035 61.626078696866273 67.263382686865739
 -53.438380042016682 60.741234506780366 68.436420958554024
 -54.282980986566315 59.470280173173023 68.436992229485242
 -53.837362709933117 58.563052825561044 69.580250245540796
 -52.389543004114799 58.135784539417912 69.35678680087841
 -51.983259037107196 57.131242720107124 70.431265777596067
 -52.717371014481046 55.813507896246058 70.200331720644755
 -54.208311272504304 56.085471740138708 70.02198146238706
 -54.798385875328101 56.574247691358508 71.341673105389859
 -56.302851688442061 56.774972584190103 71.183660021852447
 -56.576822097223776 57.614348006839649 69.939045577551013
 -56.028277475373478 56.896180270996894 68.709407459634406
 -56.431669701160679 57.659802585219062 67.451301075660325
 -56.149089676302729 56.801289805811194 66.221756307404789
 -54.647407264718701 56.555860110753244 66.106040277733655
 -54.187202417623389 55.662868768897276 67.25471514995823
 -52.681319306586531 55.437767772805245 67.153119887016302
 -52.217113248056215 54.565218576530505 68.315809284621679
 -52.26125531908859 55.374109036905011 69.609031500901622
 -53.713813578903711 55.612341006069954 70.011518805931942
 -53.770008292230798 56.0807902794553 71.462750500892724
 -55.211888654961697 56.414149721470089 71.834944673322255
 -55.762815095849703 57.451140960156579 70.860365160087014
 -57.080355386244428 58.00417435034317 71.396012107735572
 -57.777966301371023 58.807385779507101 70.301998208757794
 -56.89161705124743 59.977678152264566 69.885492783737959
 -56.472488100527841 60.765106125950922 71.123622061691108
 -55.890015798981572 62.110095505332104 70.698880272737966
 -55.516757259873607 62.917881873784403 71.938571865806793
 -54.280655676393501 62.306390736608016 72.591876897528266
 -53.716846967747671 63.278187536470554 73.62454660262857
 -53.196758509569968 64.526902783278771 72.918222153059588
 -52.243038427901894 64.119075389992688 71.798949700477806
 -51.608586664874146 65.3664729131755 71.190553136098714
 -52.682940030834729 66.19585786209106 70.493013566209399
 -53.606298607938569 66.815786520943021 71.537893174596263
 -54.63505018989607 67.704907723562272 70.845210224269977
 -55.717610719822794 68.104518682369317 71.843734025010846
 -55.095992011338232 68.932440232878122 72.964810332612146
 -54.314886758332889 68.015813184037512 73.902011184650334
 -53.693268049848328 68.843734734546317 75.023087492251634
 -52.928261022980045 70.0201409142187 74.423497007611758
 -52.369400547393404 70.889662220312076 75.546120571891706
 -51.936521569835946 72.238366660764001 74.978416315175281
 -53.056821537436306 72.810728430170229 74.114699933764868
 -54.366317376595262 72.787559828885875 74.897872879633027
 -54.278171120425426 73.764673007753871 76.06669967313394
 -54.103518293415291 75.183419963939457 75.532537278041048
 -52.892008819218937 75.233341050383643 74.606023015301062
 -53.047114793601644 74.185282645118178 73.507755417735197
 -51.791788176067975 74.166838141223224 72.64029309371908
 -50.58122090385887 73.822851952423349 73.503355305480795
 -50.723545341727373 72.400158709248061 74.036612926343992
 -50.682436322226465 71.413576786232127 72.873151643063053
 -50.574167515975759 69.991145884855399 73.415041111867822
 -49.492041385048985 69.936398678891223 74.489602315431611
 -49.434829775712629 68.532013083779432 75.083827804618608
 -49.257755280264526 67.511537626846447 73.963135846559169
 -50.540585854230557 67.430440959921086 73.140673051588195
 -50.301145301244695 66.564031735282853 71.907514798545435
 -51.613777224111459 66.380545337797827 71.151203898842823
 -52.259893729109123 67.742571089816749 70.914359408075583
 -53.584636710662487 67.557148720919201 70.179954493918942
 -54.346477476897725 68.879249334065832 70.161937401498761
 -55.703168153030717 68.676315790159876 69.493443283311123
 -56.454812100956694 70.003749722114449 69.453112998886624
 -56.380781998548279 70.672863192303438 70.822595641328263
 -57.165583666252957 69.845694137212533 71.83677200501846
 -56.734223769921364 68.384778543574015 71.745501702616849
 -55.211028962850769 68.305410961633982 71.698021531491847
 -54.637955599592431 68.696522400388346 73.057173753577061
 -55.397812035526691 67.96501113253386 74.159981743107011
 -54.926915738741485 68.466674997491197 75.522063254717068
 -55.028831420532015 69.988591105217765 75.567456589552435
 -54.251917924691675 70.586257445976386 74.397894122171905
 -54.495459888714748 72.09161368393984 74.340745993732114
 -55.986749257317513 72.372804006966092 74.500945935457011
 -56.444508789542816 71.921085089986548 75.884810896607334
 -57.967978440274877 71.96921789968583 75.958291886861247
 -58.442619479391404 73.405289103506135 75.75558179450185
 -59.920553333694315 73.509673274484854 76.120946635659735
 -60.714276474053811 72.470128464697424 75.334800233962341
 -60.643435712488156 72.794636770025505 73.845386944685728
 -61.537048945714034 71.830159643398048 73.070844975767372
 -61.334164631486502 72.039174374600051 71.572904123403418
 -61.35598274385913 73.532460899372353 71.259383270977594
 -60.335659893195739 74.252116329942439 72.136716355766382
 -60.840203365932801 74.292563594554423 73.576325991363376
 -59.908646079146081 75.159613128862901 74.418408010224908
 -58.57988752828863 74.435909685706861 74.616726037361119
 -57.73443874758933 75.193544913891728 75.636471701841842
 -57.28385558089694 76.522820270798263 75.037574519168274
 -58.503769183694757 77.397784321156635 74.763850730853818
 -59.135010460540919 77.820154112118374 76.087411915721546
 -60.294243221410099 78.775036555957072 75.817125170622674
 -59.746894286687514 80.124334412535944 75.360528589503645
 -58.892928408906968 80.729755922639924 76.470881269821845
 -58.386324895762776 82.101171525962556 76.03356202323755
 -57.672104820675912 81.975976193915514 74.69084395410448
 -56.602727867734671 80.891163477306193 74.781895051850199
 -57.223768969766638 79.608130889949308 75.326698988479777
 -58.270029451384048 79.091199213808878 74.343440809358825
 -57.635011272848047 78.921817909426792 72.966219735364334
 -58.6748427294118 78.381335918498891 71.988822293469269
 -59.91592248715871 79.26858572249688 72.023243511000061
 -60.426923732862839 79.374276777668996 73.457252969736416
 -59.391598305053684 80.096047768592499 74.315054750565167
 -59.135275594031334 81.486802155168192 73.741664042553182
 -60.450095222934401 82.257886382917292 73.668489886133855
 -61.117183784066313 82.258737221095146 75.040957782910041
 -61.52923424727733 80.835987009860375 75.407934965032979
 -62.369284562396423 80.861457683092098 76.681647143224481
 -62.592985188363443 79.4341289772956 77.172938091188257
 -61.246124963420968 78.779231708687419 77.465774397061267
 -60.614118550725905 79.438682065117078 78.688218310587374
 -59.26725832578343 78.783784796508897 78.981054616460383
 -59.47563035711093 77.301896999329372 79.279828198175252
 -60.002269988468633 76.599716889169812 78.031521428354779
 -61.426445933720387 77.067780398376811 77.746362826319029
 -62.06742006022948 76.147668662284516 76.711364003976215
 -61.390786194461356 76.352680115053403 75.359027908203728
 -62.096227638167527 75.506612929473462 74.302998227282558
 -61.951330071093835 74.02866633458018 74.654216902326127
 -62.779905819986297 73.191021463525601 73.684428627318042
 -62.817287338464233 71.74325564030012 74.165316081070372
 -61.431909329689454 71.121032285497492 74.016178998018248
 -60.990868345702154 71.203326357176692 72.557622678841696
 -61.971106554768276 70.425346301869268 71.684378104263303
 -61.572499868596488 70.569414755656183 70.218420059037427
 -61.721008143744854 72.026790299088375 69.791011802661785
 -60.835935568727905 72.907613126045064 70.668208294027764
 -61.393818587000901 72.936462311458513 72.088282328162421
 -61.700063916506437 71.512750610328425 72.544281001648656
 -62.349857703530567 71.548622728313234 73.924555331445461
 -62.924118538538352 70.173505385219968 74.253117024435014
 -61.834041338937197 69.116555160144443 74.100591876926856
 -60.548698921772157 69.611987277414769 74.757187557550225
 -60.126252678036423 70.931811390229598 74.118220044771988
 -60.150833164392807 70.793017153618209 72.598743832528498
 -61.596879159956515 70.784362452828063 72.111350690528852
 -62.225707603617252 72.152750955204922 72.357853621557922
 -63.710520265374562 72.101235567133628 72.009495294146419
 -64.383757845920655 70.991377300252068 72.81176818261703
 -65.899360911190257 71.141860313879846 72.717014759698543
 -66.338406911540133 70.971555700569411 71.26549453997653
 -65.955677009070612 69.57715520516372 70.777805007417214
 -66.777256634066248 68.532099355823149 71.5271655291629
 -66.504611292545007 67.151226631219174 70.937647899069063
 -66.800151912106557 67.169043725569168 69.440646131088158
 -68.169948013343642 67.796802546021752 69.199288503531918
 -69.241744385352149 66.964905437289516 69.897769525058095
 -69.001283468544727 66.985834890339987 71.404559658249511
 -69.039969265090036 68.42636508446121 71.906607633019448
 -70.483398395121469 68.921232543423258 71.923769935809588
 -71.107087863677762 68.720632637784192 70.545565624152772
 -72.442972757377007 69.455260560816043 70.479162570849766
 -73.430689620883271 68.804415843440879 71.443264511211922
 -74.686011899678192 69.666077210374922 71.545154967557835
 -74.305174884562106 71.067672669984788 72.013310214797826
 -73.110334337847164 71.567216950101084 71.20616240917056
 -72.930276875546284 73.064934841732949 71.436589029497767
 -74.223998370055867 73.793641283790478 71.084527080477955
 -73.999672778830472 75.300564743185149 71.171335586093861
 -75.322099866492849 76.026508807827597 70.941405568855799
 -75.066906042569755 77.526890910128785 70.830024873375692
 -73.895145267462851 77.775493296688779 69.884588709841921
 -73.871211825808103 79.246364002222862 69.478827008874333
 -75.095934570480381 79.558905503228203 68.623813553523121
 -74.92263936248473 78.939448879398796 67.240007836639606
 -74.695035014456906 77.436966589192721 67.379360728162553
 -75.797199652569503 76.832912488012468 68.244824623042817
 -75.74830691508042 75.311092519177734 68.143092215833846
 -74.513696359599791 74.791117419976871 68.873871712335173
 -73.261470179440522 75.156453850442162 68.081953227705284
 -72.074071633510357 74.355472870313861 68.60844174856355
 -70.782307230617249 74.909197184280387 68.013958686113142
 -70.709567342088661 76.412673844440675 68.264842804721667
 -69.304797406070691 76.915218292550605 67.944301848627362
 -69.123899948673483 78.319449245890922 68.513588717954264
 -68.945465058672553 78.236535072795704 70.026850833362616
 -68.690236723627208 79.632899058131159 70.586942002234181
 -67.307132032732767 80.110501799174344 70.153821885206924
 -67.071727229603781 81.526356939971848 70.672102503155287
 -65.678976882242182 81.994594609503125 70.260185090612481
 -65.599899678523684 82.081007509461045 68.738687273797481
 -64.158719071241961 82.354678250472247 68.318236583811881
 -64.08808885525427 82.490481866668659 66.799933336625273
 -65.218215936285389 83.394667862115298 66.316263546005558
 -65.255315217484366 83.391947563579635 64.790717006790757
 -64.048311818394922 84.153490244407124 64.250465639495417
 -64.211094868469118 84.366485671881605 62.748197146021838
 -63.0814839991681 85.2544741770146 62.234259699722628
 -61.765719394313081 84.482926211012042 62.28066272514036
 -61.935045249433216 83.143854286154848 61.568699850513497
 -61.984654459218241 83.371469333754263 60.060586354648315
 -61.903416993481123 82.0288558924791 59.339846719642885
 -60.502180480286682 81.447010170573606 59.503149475256009
 -60.481650347974558 80.013644974385045 58.979968122355849
 -61.512960668862469 79.180688887473053 59.735785017712267
 -61.457909947308252 77.73604260639182 59.247274484955419
 -60.071607663642496 77.158937347044883 59.518920390385794
 -59.893948059422577 76.945031181971487 61.019372728039976
 -61.0429000126639 76.093691814635335 61.552107831789023
 -60.83897451696717 75.83815176041864 63.042674728273589
 -59.436639619290197 75.284007560113835 63.277317094494464
 -59.291921471621386 74.865881464340532 64.737763336493316
 -57.860375120479304 74.404814608139233 64.996159154269719
 -56.908582465106335 75.587591478734538 64.84186846899442
 -55.472351947804022 75.11637001785661 65.051315922971497
 -55.177789736431414 73.948229859129555 64.114642194718016
 -53.670789744902983 73.718409845921542 64.045289566344877


